1	416
1	127
416	2176
416	257
416	2050
416	1539
416	1541
416	1286
416	1601
416	1544
416	1291
416	1165
416	14
416	2575
416	2833
416	1426
416	2451
416	2606
416	2690
416	1047
416	1944
416	2842
416	2715
416	1375
416	30
416	517
416	32
416	2593
416	1315
416	1573
416	934
416	2471
416	623
416	810
416	2475
416	939
416	1326
416	1117
416	688
416	1459
416	1758
416	1078
416	1720
416	2105
416	415
416	2081
416	2624
416	2113
416	1803
416	1206
416	1953
416	1609
416	1610
416	588
416	1647
416	1871
416	1104
416	632
416	1618
416	416
416	212
416	1237
416	2519
416	1496
416	2087
416	1187
416	1628
416	1373
416	1630
416	1317
416	1579
416	102
416	2343
416	1516
416	978
416	1751
416	2159
416	2355
416	879
416	2579
416	2677
416	1911
416	771
416	1787
416	1663
127	2176
127	1539
127	2822
127	1032
127	1628
127	1739
127	2606
127	1594
127	1500
127	858
7	701
12	1309
15	104
15	1974
19	1632
19	1605
19	2630
19	553
19	270
19	2510
19	2263
19	187
1632	1024
1632	513
1632	1027
1632	4
1632	5
1632	1032
1632	1035
1632	1549
1632	1040
1632	1539
1632	1556
1632	1050
1632	1057
1632	2083
1632	36
1632	2089
1632	2090
1632	178
1632	2611
1632	2101
1632	1592
1632	2106
1632	1086
1632	2113
1632	2126
1632	81
1632	1107
1632	1622
1632	1627
1632	3
1632	1121
1632	98
1632	1639
1632	2159
1632	2164
1632	1470
1632	1142
1632	119
1632	2168
1632	2170
1632	2176
1632	650
1632	2187
1632	2189
1632	659
1632	2713
1632	1186
1632	2729
1632	2731
1632	1710
1632	1201
1632	2226
1632	2230
1632	2743
1632	2754
1632	1735
1632	1143
1632	720
1632	2773
1632	1750
1632	1240
1632	548
1632	2790
1632	1768
1632	1831
1632	1772
1632	1776
1632	1777
1632	242
1632	1269
1632	1274
1632	1792
1632	1238
1632	783
1632	2832
1632	1811
1632	788
1632	288
1632	1316
1632	807
1632	2345
1632	1323
1632	1338
1632	1342
1632	1857
1632	330
1632	2379
1632	1876
1632	1883
1632	1886
1632	1889
1632	1890
1632	1385
1632	2535
1632	877
1632	2195
1632	372
1632	376
1632	1632
1632	1914
1632	2427
1632	1405
1632	1407
1632	2369
1632	1260
1632	2447
1632	1937
1632	2450
1632	2453
1632	2458
1632	923
1632	412
1632	1953
1632	1959
1632	1961
1632	2475
1632	436
1632	437
1632	1974
1632	955
1632	958
1632	449
1632	1995
1632	1996
1632	674
1632	1528
1632	2006
1632	985
1632	1507
1632	1509
1632	1105
1632	2036
1632	528
1632	504
20	353
20	2023
20	2588
20	2285
20	2350
20	1072
20	336
20	2683
20	796
20	2143
353	1436
353	346
353	804
353	724
353	1397
2683	20
796	512
796	1249
796	1539
796	2630
796	2406
796	225
796	620
796	2699
796	204
796	2130
796	2478
796	2193
796	1938
796	1683
796	2526
796	1367
796	2715
796	671
796	2206
796	247
2143	779
2143	2061
2143	2832
2143	20
2143	664
2143	411
2143	2588
2143	925
2143	926
2143	2350
2143	1072
2143	1978
2143	2364
2143	225
2143	347
2143	224
2143	353
2143	485
2143	2023
2143	104
2143	1271
2143	764
23	1721
1721	1632
1721	1792
1721	1509
1721	134
1721	263
1721	1995
1721	1230
1721	83
1721	1524
1721	2771
1721	1974
1721	1176
1721	218
1721	2555
1721	471
24	2456
24	499
24	1397
2456	2304
2456	2700
2456	2703
2456	2579
2456	2159
2456	540
2456	1349
2456	1828
2456	2343
2456	1077
2456	566
2456	443
2456	2366
2456	2112
2456	694
2456	1804
2456	587
2456	980
2456	1374
2456	59
2456	2025
2456	751
1397	2304
1397	1026
1397	1156
1397	522
1397	898
1397	1425
1397	1939
1397	1699
1397	1062
1397	1077
1397	1977
1397	266
1397	2366
1397	2774
1397	1374
1397	1636
1397	2149
1397	2151
1397	2153
1397	2159
1397	628
1397	1271
1397	1914
26	1539
26	2086
26	1609
26	2540
26	188
26	1663
2086	2155
1609	2304
1609	1665
1609	1027
1609	1622
1609	1287
1609	778
1609	1803
1609	1805
1609	2066
1609	1176
1609	2467
1609	166
1609	1196
1609	2737
1609	1974
1609	1848
1609	829
1609	2627
1609	1526
1609	840
1609	1996
1609	975
1609	464
1609	2360
1609	594
1609	2646
1609	1251
1609	1126
1609	2284
1609	1981
1609	1524
1609	246
1609	1401
1609	1402
1609	1663
30	128
30	2131
30	2548
30	1963
33	514
33	1539
33	1547
33	2050
33	31
33	2593
33	35
33	36
33	1286
33	552
33	263
33	558
33	1071
33	1072
33	1591
33	57
33	2620
33	2622
33	2624
33	1092
33	1605
33	590
33	599
33	2136
33	1628
33	702
33	609
33	1125
33	1129
33	1133
33	2159
33	625
33	1652
33	1141
33	105
33	1657
33	1665
33	135
33	1672
33	2712
33	1691
33	671
33	2729
33	2079
33	701
33	2238
33	2244
33	204
33	212
33	2261
33	1240
33	2788
33	2280
33	1258
33	2287
33	242
33	1781
33	1782
33	2295
33	1237
33	769
33	2307
33	260
33	261
33	2310
33	1287
33	1803
33	792
33	281
33	2843
33	2336
33	809
33	298
33	1324
33	305
33	823
33	2360
33	2015
33	1342
33	1864
33	55
33	1363
33	2388
33	1882
33	2399
33	1895
33	1389
33	884
33	1914
33	406
33	1093
33	930
33	1443
33	1956
33	1448
33	1449
33	938
33	1971
33	927
33	956
33	958
33	1986
33	470
33	2519
33	478
33	2527
33	2016
33	1509
33	508
33	2035
33	500
33	2554
33	2044
671	1536
671	1025
671	1539
671	1030
671	428
671	11
671	972
671	13
671	1038
671	1553
671	2583
671	24
671	25
671	538
671	539
671	2588
671	2077
671	2078
671	31
671	544
671	432
671	35
671	548
671	2013
671	1064
671	553
671	2602
671	1287
671	2604
671	939
671	558
671	1584
671	2097
671	2099
671	2815
671	2619
671	2620
671	573
671	2012
671	2623
671	2624
671	577
671	2114
671	2627
671	2119
671	2633
671	1613
671	590
671	1903
671	1618
671	1108
671	526
671	1112
671	92
671	95
671	608
671	2146
671	523
671	1981
671	2154
671	108
671	1133
671	2159
671	624
671	2161
671	2675
671	495
671	1194
671	1897
671	1144
671	2169
671	1146
671	635
671	2684
671	1151
671	2176
671	1670
671	2241
671	2156
671	2186
671	1167
671	2704
671	657
671	1171
671	1684
671	1685
671	662
671	1687
671	2201
671	666
671	2715
671	794
671	671
671	160
671	2721
671	2210
671	1318
671	1701
671	2340
671	167
671	169
671	682
671	2219
671	1906
671	2222
671	1309
671	1200
671	1201
671	1714
671	691
671	180
671	1721
671	700
671	701
671	2240
671	2592
671	1218
671	707
671	2244
671	1221
671	1224
671	2249
671	715
671	2252
671	1230
671	719
671	1232
671	632
671	2770
671	41
671	212
671	718
671	1238
671	1240
671	1060
671	1755
671	1756
671	737
671	1147
671	740
671	1765
671	636
671	746
671	237
671	2286
671	2287
671	1778
671	756
671	1782
671	1065
671	1492
671	2298
671	2811
671	2813
671	2814
671	2261
671	1792
671	769
671	771
671	2820
671	1577
671	2311
671	1800
671	1803
671	1804
671	1805
671	2520
671	786
671	2606
671	2559
671	1241
671	792
671	1305
671	2842
671	1663
671	797
671	1311
671	2336
671	1314
671	1315
671	1316
671	134
671	2854
671	1186
671	809
671	1322
671	813
671	1838
671	2508
671	2448
671	1391
671	2073
671	2357
671	1334
671	1336
671	1647
671	1853
671	1342
671	1833
671	1864
671	2381
671	2382
671	2385
671	739
671	1341
671	2532
671	2394
671	655
671	1372
671	862
671	2400
671	1168
671	1378
671	1382
671	1895
671	360
671	1385
671	1389
671	879
671	1392
671	370
671	1907
671	1649
671	2424
671	1632
671	1599
671	1919
671	2433
671	1922
671	387
671	2437
671	2113
671	1930
671	2171
671	1420
671	1421
671	2285
671	1424
671	401
671	985
671	407
671	1945
671	2799
671	1948
671	154
671	1438
671	1439
671	416
671	1953
671	2459
671	1962
671	2475
671	1964
671	1966
671	1968
671	2482
671	435
671	1973
671	1974
671	1220
671	1980
671	957
671	1983
671	453
671	1991
671	1992
671	1995
671	2760
671	162
671	1998
671	589
671	1488
671	2004
671	78
671	1601
671	984
671	2009
671	2010
671	1499
671	1500
671	989
671	990
671	2016
671	1506
671	1275
671	2857
671	1509
671	2022
671	2023
671	1234
671	1003
671	2028
671	2011
671	765
671	498
671	2547
671	500
671	511
671	504
671	2555
671	508
671	1706
671	975
204	1536
204	1025
204	1539
204	1030
204	428
204	523
204	972
204	13
204	1038
204	1553
204	2583
204	24
204	25
204	538
204	539
204	2588
204	2077
204	2078
204	31
204	544
204	432
204	35
204	1060
204	1062
204	553
204	2602
204	1287
204	2604
204	939
204	558
204	1584
204	2097
204	2099
204	2815
204	2617
204	2619
204	2620
204	573
204	2623
204	2624
204	577
204	2114
204	2627
204	2119
204	2633
204	75
204	1613
204	590
204	1618
204	1108
204	526
204	1112
204	92
204	95
204	608
204	2146
204	975
204	1981
204	2154
204	871
204	108
204	1133
204	2159
204	2161
204	2675
204	495
204	1194
204	1897
204	1144
204	2169
204	1146
204	635
204	2684
204	1151
204	2176
204	294
204	2715
204	1670
204	2241
204	2186
204	1167
204	2704
204	657
204	1171
204	1684
204	1685
204	662
204	1687
204	2201
204	666
204	1647
204	794
204	671
204	160
204	2721
204	1186
204	1701
204	2340
204	1649
204	169
204	682
204	2219
204	1906
204	2222
204	1309
204	1200
204	1201
204	1714
204	691
204	180
204	1721
204	187
204	700
204	701
204	2240
204	2592
204	1218
204	707
204	1220
204	1221
204	1224
204	2249
204	715
204	2252
204	1230
204	719
204	1232
204	632
204	1234
204	41
204	212
204	718
204	1238
204	1240
204	548
204	1755
204	1147
204	740
204	1318
204	2257
204	636
204	746
204	236
204	237
204	2286
204	2287
204	756
204	1782
204	1065
204	2770
204	1492
204	2298
204	127
204	765
204	2814
204	2261
204	1792
204	769
204	770
204	771
204	2820
204	1577
204	2311
204	1800
204	1803
204	1804
204	1805
204	2520
204	2606
204	2559
204	791
204	792
204	1305
204	2842
204	1663
204	797
204	1311
204	2336
204	1314
204	1315
204	1316
204	134
204	2854
204	808
204	809
204	810
204	813
204	1838
204	2508
204	1391
204	2073
204	2357
204	1334
204	1698
204	1336
204	1853
204	1342
204	1333
204	1833
204	1864
204	2381
204	2382
204	2385
204	739
204	1341
204	2394
204	655
204	1372
204	1373
204	862
204	1765
204	2400
204	2448
204	1378
204	1382
204	1895
204	360
204	1385
204	1389
204	879
204	1392
204	370
204	1907
204	2424
204	1632
204	1599
204	1919
204	162
204	2433
204	1922
204	387
204	2437
204	1601
204	1322
204	1930
204	2171
204	1420
204	1421
204	2285
204	1424
204	401
204	985
204	1429
204	1945
204	1241
204	2799
204	1948
204	1438
204	1439
204	416
204	1953
204	2459
204	1962
204	2475
204	1964
204	1966
204	1003
204	1968
204	2482
204	435
204	1973
204	1974
204	1609
204	1980
204	957
204	1983
204	1099
204	453
204	1991
204	1995
204	2760
204	2210
204	1998
204	589
204	1488
204	2004
204	78
204	984
204	2009
204	2010
204	2011
204	2012
204	989
204	990
204	2016
204	1506
204	2811
204	2532
204	1509
204	2113
204	2023
204	508
204	167
204	2031
204	498
204	500
204	504
204	2555
204	1500
204	1706
204	511
2788	370
2788	972
2788	917
2788	2310
2788	1663
242	1926
242	1035
242	1048
242	1186
242	2395
242	420
242	165
242	166
242	2475
242	2093
242	1331
242	1332
242	1333
242	1335
242	1336
242	1337
242	1724
242	565
242	330
242	1227
242	848
242	1622
242	1240
242	1883
242	2268
242	2397
242	2427
242	1508
242	1509
242	2790
242	2535
242	1461
242	1002
242	1134
242	879
242	2800
242	1267
242	1268
242	1269
242	1270
242	1272
242	1274
242	2043
242	765
242	2303
2307	2475
2307	2388
2307	1509
2307	958
1882	1539
1882	1508
1882	2742
1882	1803
1882	2159
1882	2836
1882	2102
1882	1599
1882	2045
1882	1375
2399	896
2399	1539
2399	2443
2399	275
2399	916
2399	2396
2399	2073
2399	553
2399	1848
2399	957
2399	958
2399	2498
2399	2499
2399	1224
2399	1867
2399	976
2399	1233
2399	1237
2399	1628
2399	733
2399	1506
2399	1509
2399	112
2399	632
1895	1024
1895	5
1895	2570
1895	2572
1895	1037
1895	1553
1895	2578
1895	345
1895	1882
1895	1541
1895	36
1895	2604
1895	2099
1895	1589
1895	1592
1895	2105
1895	2623
1895	1606
1895	1618
1895	93
1895	2654
1895	1125
1895	614
1895	1041
1895	1136
1895	115
1895	1657
1895	122
1895	1660
1895	638
1895	127
1895	134
1895	661
1895	2208
1895	1186
1895	2724
1895	1193
1895	1201
1895	2244
1895	2761
1895	1232
1895	1233
1895	216
1895	225
1895	227
1895	1255
1895	1260
1895	2286
1895	765
1895	262
1895	2840
1895	1831
1895	2350
1895	2357
1895	824
1895	1340
1895	2382
1895	1871
1895	1365
1895	855
1895	1368
1895	1881
1895	2394
1895	2396
1895	2397
1895	1886
1895	1188
1895	2415
1895	1599
1895	381
1895	1421
1895	916
1895	2453
1895	1945
1895	416
1895	1456
1895	1440
1895	1995
1895	2512
1895	1490
1895	2009
1895	1499
1895	2527
1895	2016
1895	2021
1895	999
1895	1008
1895	498
1895	1524
1895	2039
1895	510
1389	1509
1389	2054
1389	1831
1389	1128
1389	2603
1389	1224
1389	1234
1389	1749
1389	1655
1389	862
1389	1125
1449	1123
1449	260
1449	1509
1449	489
1449	490
1449	1870
1449	1667
1449	1271
1449	958
1986	931
1986	868
1986	2130
1986	1560
1986	159
1986	1919
2519	64
2519	1632
2519	2741
2519	350
2519	329
2554	2456
2554	1831
34	1125
34	1895
34	204
34	14
34	2159
34	2388
34	1941
34	1240
34	1914
34	671
34	1141
42	416
42	1186
42	1539
42	1509
42	2343
42	2475
42	273
42	49
42	1339
1186	1792
1186	1539
1186	2053
1186	1023
1186	1032
1186	428
1186	1039
1186	2584
1186	30
1186	31
1186	1057
1186	1058
1186	1060
1186	42
1186	567
1186	1592
1186	2617
1186	1596
1186	2621
1186	1599
1186	69
1186	1607
1186	2632
1186	1099
1186	1619
1186	1108
1186	2646
1186	429
1186	1626
1186	1630
1186	1632
1186	2145
1186	2658
1186	2663
1186	1130
1186	1644
1186	2669
1186	1134
1186	2159
1186	2672
1186	118
1186	119
1186	1148
1186	136
1186	1168
1186	1686
1186	1182
1186	671
1186	1186
1186	677
1186	678
1186	680
1186	687
1186	694
1186	2743
1186	2236
1186	2081
1186	204
1186	2259
1186	1750
1186	1240
1186	2777
1186	2267
1186	2780
1186	2271
1186	737
1186	1762
1186	2275
1186	231
1186	1769
1186	1772
1186	2800
1186	2802
1186	2771
1186	763
1186	2301
1186	1791
1186	2304
1186	260
1186	2823
1186	2825
1186	266
1186	1803
1186	2828
1186	1805
1186	1808
1186	1811
1186	1821
1186	1311
1186	2337
1186	805
1186	1831
1186	1410
1186	1833
1186	1834
1186	814
1186	817
1186	1846
1186	825
1186	1854
1186	1856
1186	437
1186	846
1186	848
1186	1884
1186	1373
1186	1375
1186	2704
1186	361
1186	1386
1186	878
1186	879
1186	372
1186	609
1186	376
1186	377
1186	1407
1186	898
1186	389
1186	2443
1186	1934
1186	401
1186	1430
1186	1945
1186	2458
1186	2459
1186	1953
1186	1446
1186	2475
1186	1964
1186	1965
1186	662
1186	1608
1186	1267
1186	436
1186	1973
1186	1974
1186	439
1186	1976
1186	1980
1186	1474
1186	2501
1186	2503
1186	1995
1186	674
1186	1998
1186	978
1186	467
1186	1492
1186	982
1186	1925
1186	2009
1186	2012
1186	1508
1186	1509
1186	2535
1186	2536
1186	1513
1186	1107
1186	1526
1186	504
1186	1018
1186	2559
1186	511
273	1539
273	651
273	1787
273	1867
273	1263
273	851
273	1722
273	1403
43	1953
43	1995
43	1076
43	2317
43	1309
1995	1024
1995	2304
1995	1539
1995	516
1995	6
1995	2570
1995	2572
1995	14
1995	2575
1995	3
1995	1044
1995	2069
1995	1058
1995	1060
1995	1062
1995	1076
1995	1592
1995	2107
1995	2110
1995	1603
1995	69
1995	1607
1995	584
1995	1618
1995	1038
1995	1622
1995	2145
1995	1638
1995	2151
1995	2155
1995	2159
1995	360
1995	626
1995	119
1995	1662
1995	1664
1995	131
1995	1677
1995	2196
1995	2199
1995	2716
1995	1186
1995	1189
1995	2161
1995	2503
1995	700
1995	1570
1995	1230
1995	737
1995	1260
1995	2799
1995	2800
1995	1792
1995	770
1995	2317
1995	2833
1995	1309
1995	2852
1995	1841
1995	1331
1995	1332
1995	1333
1995	1335
1995	1336
1995	1337
1995	324
1995	333
1995	1871
1995	340
1995	344
1995	2397
1995	872
1995	1386
1995	363
1995	366
1995	886
1995	1402
1995	892
1995	2438
1995	2459
1995	1951
1995	1441
1995	420
1995	424
1995	431
1995	436
1995	437
1995	1974
1995	955
1995	454
1995	1953
1995	1482
1995	1489
1995	2009
1995	995
1995	2020
1995	1509
1995	489
1995	1522
1995	2465
2317	397
2317	1630
2317	398
44	2599
44	1800
44	1805
44	2701
44	328
44	52
44	1500
44	1854
52	2041
52	1068
52	1599
47	1506
47	2161
47	1233
47	1232
47	2097
47	2290
48	2368
48	1833
48	2214
48	1831
1833	2264
1833	2265
1833	1259
1833	2447
1831	1664
1831	513
1831	1027
1831	5
1831	2438
1831	265
1831	908
1831	1539
1831	1303
1831	1176
1831	793
1831	2202
1831	795
1831	2588
1831	30
1831	1951
1831	416
1831	292
1831	2214
1831	1321
1831	1578
1831	428
1831	1198
1831	2231
1831	1207
1831	2616
1831	2617
1831	2362
1831	701
1831	1792
1831	1599
1831	2370
1831	1221
1831	2031
1831	74
1831	1995
1831	846
1831	2386
1831	2382
1831	2646
1831	825
1831	1508
1831	1627
1831	1373
1831	763
1831	2788
1831	1509
1831	2535
1831	106
1831	107
1831	1134
1831	2799
1831	1833
1831	1144
1831	2159
1831	319
1831	254
51	1800
51	321
62	1125
65	984
65	197
73	2824
73	1234
73	1974
2824	513
2824	2805
2824	1539
2824	5
2824	968
2824	2058
2824	2347
2824	2286
2824	1230
2824	1171
2824	756
2824	21
2824	2646
2824	1305
2824	984
2824	1177
2824	1435
2824	1151
2824	1908
74	2760
74	1805
75	1539
75	900
75	261
75	781
75	2588
75	2333
75	1054
75	553
75	1843
75	1974
75	1599
75	1224
75	1995
75	204
75	2511
75	212
75	213
75	2646
75	1632
75	1125
75	1771
75	1389
75	2159
75	636
75	1407
900	768
900	2581
2646	2176
2646	2818
2646	2563
2646	1663
2646	1798
2646	1032
2646	265
2646	1607
2646	525
2646	2448
2646	1176
2646	1539
2646	662
2646	1561
2646	1560
2646	793
2646	667
2646	2588
2646	1565
2646	159
2646	2464
2646	1953
2646	1186
2646	1060
2646	2726
2646	1831
2646	1705
2646	938
2646	2503
2646	940
2646	2835
2646	1416
2646	1970
2646	2740
2646	1974
2646	1848
2646	700
2646	701
2646	1599
2646	2113
2646	194
2646	1867
2646	1732
2646	1349
2646	1351
2646	1995
2646	1221
2646	2001
2646	75
2646	1107
2646	578
2646	2646
2646	2023
2646	89
2646	2267
2646	1509
2646	1632
2646	1506
2646	1508
2646	2405
2646	2535
2646	232
2646	1771
2646	2412
2646	1134
2646	2159
2646	1491
2646	643
2646	1014
2646	771
2646	1017
2646	1914
2646	379
2646	636
2646	2685
2646	1535
80	2313
80	2100
80	2629
2313	1604
2313	2556
2313	245
2313	2839
84	628
84	2159
89	32
89	2113
89	1345
89	2312
89	1271
89	2289
89	1972
89	1109
89	86
89	311
89	539
89	1277
89	1663
2113	1539
2113	521
2113	1039
2113	2563
2113	538
2113	1564
2113	1566
2113	2079
2113	32
2113	1062
2113	553
2113	2098
2113	2569
2113	1599
2113	1096
2113	1616
2113	1617
2113	2132
2113	1621
2113	2653
2113	2655
2113	2656
2113	98
2113	1125
2113	1126
2113	104
2113	109
2113	1138
2113	1651
2113	1663
2113	1665
2113	2192
2113	662
2113	663
2113	1690
2113	667
2113	670
2113	671
2113	164
2113	2222
2113	2226
2113	2740
2113	696
2113	1721
2113	2750
2113	2242
2113	1732
2113	2757
2113	2758
2113	2760
2113	204
2113	210
2113	211
2113	212
2113	213
2113	723
2113	2267
2113	240
2113	1779
2113	762
2113	763
2113	259
2113	260
2113	774
2113	2316
2113	2343
2113	1846
2113	312
2113	1858
2113	1867
2113	1361
2113	2392
2113	354
2113	2419
2113	895
2113	2438
2113	909
2113	1940
2113	1430
2113	411
2113	1442
2113	420
2113	1980
2113	447
2113	1994
2113	1995
2113	975
2113	1492
2113	2006
2113	1502
2113	1043
2113	1509
2113	2543
1271	2304
1271	1929
1271	142
1271	658
1271	2456
1271	1077
1271	1977
1271	1082
1271	59
1271	2366
1271	704
1271	1483
1271	1354
1271	587
1271	1742
1271	209
1271	825
1271	1885
1271	1374
1271	1509
1271	2149
1271	2800
1271	1397
1271	2679
1972	2400
1972	2704
1972	1509
1972	742
1972	2161
1972	2824
1972	1995
1972	671
1972	1693
1972	400
1972	2385
1972	1972
1972	437
1972	2619
1972	956
1972	1373
1972	2783
91	2343
91	311
91	461
91	1271
91	58
91	1663
103	1850
103	1371
1850	896
1850	641
1850	2
1850	1539
1850	1287
1850	642
1850	654
1850	1810
1850	1795
1850	1556
1850	1685
1850	1432
1850	1436
1850	671
1850	1399
1850	295
1850	296
1850	297
1850	1567
1850	319
1850	321
1850	113
1850	1867
1850	204
1850	2770
1850	1235
1850	212
1850	470
1850	985
1850	2269
1850	483
1850	364
1850	1234
1850	623
1850	2161
1850	2035
1850	1524
1850	1909
1850	2601
1850	1684
1371	770
1371	2692
1371	2630
1371	703
106	1006
107	2060
107	140
140	898
140	261
140	2826
140	2836
140	2837
140	2715
140	1054
140	290
140	428
140	2618
140	2113
140	197
140	2374
140	2722
140	1230
140	1618
140	1508
140	2408
140	2027
140	1006
140	248
140	2169
140	1659
140	764
110	70
110	71
110	72
110	169
110	2606
110	1392
110	2619
112	2176
112	1291
112	2444
112	2831
112	920
112	1307
112	2848
112	41
112	1974
112	956
112	2114
112	1867
112	1462
112	1990
112	1995
112	2510
112	337
112	1491
112	348
112	1551
112	1756
112	610
112	1509
112	115
112	1244
112	2301
2444	416
2444	1539
2444	1223
2444	1230
2444	1234
2444	291
2444	2005
2444	1151
2831	1313
2831	1058
2831	2437
2831	1574
2831	1576
2831	489
2831	1867
2831	588
2831	2288
2831	112
2831	616
2831	2009
2831	2517
2831	1974
2831	2455
2831	1945
2831	284
2831	1980
2831	425
2848	2168
2848	1561
2848	1176
1867	1536
1867	513
1867	1539
1867	2390
1867	2576
1867	2577
1867	2073
1867	2587
1867	2588
1867	1567
1867	688
1867	546
1867	553
1867	2091
1867	2097
1867	1592
1867	2621
1867	2623
1867	2625
1867	2114
1867	267
1867	667
1867	2120
1867	75
1867	1102
1867	1108
1867	92
1867	1119
1867	1633
1867	187
1867	1129
1867	618
1867	2159
1867	2674
1867	115
1867	631
1867	1150
1867	1151
1867	647
1867	1897
1867	2704
1867	2193
1867	1684
1867	1685
1867	2711
1867	2715
1867	1692
1867	672
1867	1186
1867	2215
1867	1200
1867	1201
1867	1209
1867	1723
1867	701
1867	194
1867	2244
1867	1222
1867	2249
1867	203
1867	1230
1867	1234
1867	1235
1867	1236
1867	2254
1867	1238
1867	218
1867	737
1867	1762
1867	1773
1867	1774
1867	2287
1867	2291
1867	1782
1867	2300
1867	765
1867	2814
1867	2815
1867	258
1867	1286
1867	1800
1867	1801
1867	1803
1867	1804
1867	1805
1867	2833
1867	276
1867	277
1867	1815
1867	1305
1867	2842
1867	2843
1867	1309
1867	1311
1867	294
1867	1831
1867	808
1867	2012
1867	810
1867	135
1867	1325
1867	2350
1867	1327
1867	1328
1867	990
1867	1848
1867	1341
1867	1345
1867	1348
1867	1867
1867	1872
1867	342
1867	347
1867	1372
1867	871
1867	1385
1867	1900
1867	1599
1867	2428
1867	1405
1867	2113
1867	1419
1867	2286
1867	2457
1867	1945
1867	2461
1867	1953
1867	2203
1867	2475
1867	940
1867	943
1867	945
1867	1983
1867	1995
1867	1996
1867	2510
1867	1494
1867	984
1867	476
1867	1502
1867	1506
1867	483
1867	996
1867	1509
1867	2778
1867	1521
1867	2035
1867	1530
1867	508
1491	214
1491	265
1491	1176
1491	664
1491	2671
1491	1831
1491	1836
1491	1201
1491	1221
1491	1222
1491	1226
1491	1995
1491	2766
1491	1230
1491	2262
1491	1751
1491	1628
1491	1260
1491	2159
1491	2676
1491	245
1491	636
348	115
348	332
115	2081
115	1509
115	1057
115	2760
115	1756
115	1995
115	302
115	956
115	2205
1244	1235
116	1146
116	996
116	2485
117	1986
117	1491
117	1509
117	1974
117	2831
118	2176
118	1539
118	1800
118	1291
118	2828
118	1307
118	1948
118	1953
118	2630
118	1321
118	2418
118	1327
118	1072
118	2354
118	2114
118	1995
118	1990
118	2444
118	1867
118	2510
118	337
118	1491
118	1493
118	1756
118	1509
118	1389
118	2161
118	2546
118	115
118	41
118	2301
2828	2517
2828	1313
2828	2437
2828	1671
2828	1321
2828	106
2828	1867
2828	588
2828	2546
2828	2323
2828	309
2828	1974
2828	2009
2828	1945
2828	2682
2828	1727
2828	284
2828	1663
2418	1953
2418	1492
2418	1076
1327	129
1327	770
1327	260
1327	2054
1327	769
1327	1035
1327	657
1327	197
1327	1839
1327	1713
1327	1843
1327	1844
1327	823
1327	697
1327	2335
1327	316
1327	574
1327	1599
1327	964
1327	1221
1327	2630
1327	1224
1327	1098
1327	1230
1327	336
1327	1234
1327	2516
1327	469
1327	728
1327	1509
1327	1122
1327	1508
1327	1125
1327	2023
1327	1389
1327	2814
1327	503
1327	1657
1327	1663
1327	2301
1327	2302
1327	1151
2546	512
2546	961
2546	1986
2546	67
2546	998
2546	358
2546	2183
2546	1801
2546	2687
2546	1351
2546	701
2546	1520
2546	2261
2546	1846
2546	1823
2546	2016
2546	443
2546	1663
119	1792
119	2113
119	770
119	931
119	1541
119	627
119	1995
119	1518
119	2226
119	1539
119	628
119	662
119	2329
119	1663
119	2204
119	958
119	1029
662	147
662	212
662	1854
662	2159
1029	712
1029	960
2822	2304
2822	1267
2822	1224
2822	1803
2822	1389
2822	2226
2822	1587
2822	628
2822	1878
2822	765
2822	862
1739	516
1739	1669
1739	1928
1739	1547
1739	1005
1739	272
1739	661
1739	538
1739	2588
1739	416
1739	1953
1739	806
1739	1831
1739	553
1739	2605
1739	558
1739	310
1739	2743
1739	2233
1739	64
1739	1473
1739	11
1739	68
1739	2760
1739	1737
1739	1613
1739	2127
1739	1618
1739	2261
1739	2391
1739	1756
1739	1757
1739	2143
1739	2016
1739	227
1739	746
1739	1003
1739	1133
1739	1134
1739	2033
1739	1325
1739	1833
1739	120
1739	1193
1739	1436
1739	2431
1739	127
130	2646
132	1867
898	2851
898	1509
898	807
898	2409
898	2604
898	1234
898	2606
898	2287
898	1618
898	813
898	762
428	2050
428	1539
428	1032
428	2064
428	1555
428	2074
428	2594
428	2597
428	553
428	2098
428	1592
428	569
428	1375
428	573
428	1599
428	2113
428	1611
428	2636
428	1101
428	1115
428	2656
428	1586
428	2157
428	2159
428	2161
428	632
428	2169
428	1151
428	664
428	1691
428	1306
428	671
428	1186
428	1192
428	2224
428	1729
428	2249
428	715
428	1229
428	1230
428	1234
428	1235
428	212
428	737
428	1781
428	2810
428	251
428	764
428	765
428	2307
428	2837
428	2838
428	2842
428	1309
428	2340
428	807
428	2857
428	301
428	1328
428	1865
428	1872
428	337
428	855
428	863
428	1385
428	368
428	2425
428	2438
428	400
428	1945
428	1946
428	416
428	2467
428	2475
428	2377
428	1468
428	1996
428	1998
428	975
428	1492
428	2010
428	1500
428	1509
428	2022
428	252
428	1526
428	506
428	508
2027	2640
2027	1835
150	1385
150	887
887	273
156	1995
157	2247
159	2056
159	13
159	16
159	2065
159	21
159	22
159	2072
159	25
159	30
159	31
159	33
159	35
159	36
159	40
159	41
159	2097
159	2098
159	2099
159	54
159	55
159	56
159	57
159	58
159	2113
159	2114
159	67
159	2118
159	2120
159	75
159	77
159	2130
159	2135
159	90
159	92
159	2143
159	2064
159	101
159	105
159	2154
159	2159
159	2161
159	2166
159	119
159	2169
159	2171
159	2172
159	125
159	2176
159	131
159	134
159	135
159	138
159	2187
159	141
159	142
159	153
159	154
159	2203
159	2205
159	2214
159	172
159	2222
159	175
159	2224
159	2228
159	2229
159	2232
159	2079
159	189
159	2238
159	192
159	195
159	2244
159	2246
159	2081
159	2249
159	2251
159	204
159	208
159	212
159	2261
159	218
159	224
159	2279
159	2280
159	2281
159	2285
159	2287
159	241
159	242
159	2294
159	2295
159	2772
159	2298
159	251
159	255
159	2307
159	260
159	261
159	2310
159	263
159	265
159	2315
159	268
159	2317
159	276
159	281
159	2336
159	289
159	292
159	2343
159	2345
159	301
159	2350
159	304
159	2353
159	2354
159	2355
159	311
159	2360
159	320
159	330
159	335
159	2384
159	337
159	2388
159	2399
159	354
159	2406
159	371
159	372
159	2426
159	2437
159	396
159	2454
159	2455
159	417
159	2475
159	428
159	2480
159	2481
159	443
159	2496
159	454
159	2510
159	2512
159	465
159	466
159	2519
159	476
159	478
159	2527
159	2530
159	2531
159	485
159	2535
159	82
159	2542
159	500
159	2554
159	508
159	514
159	516
159	2573
159	535
159	2588
159	2591
159	2593
159	553
159	775
159	558
159	571
159	2620
159	573
159	2622
159	2624
159	2627
159	2630
159	2145
159	588
159	2644
159	2646
159	599
159	2649
159	770
159	609
159	613
159	615
159	618
159	623
159	624
159	625
159	2677
159	632
159	636
159	2687
159	2688
159	641
159	790
159	652
159	2701
159	2703
159	2707
159	2712
159	667
159	671
159	672
159	673
159	674
159	2725
159	680
159	2729
159	683
159	2732
159	688
159	690
159	2740
159	706
159	715
159	724
159	2777
159	2778
159	738
159	2788
159	2790
159	1831
159	2514
159	2804
159	2806
159	2808
159	2809
159	2810
159	763
159	769
159	2818
159	772
159	773
159	2823
159	776
159	777
159	782
159	2833
159	2837
159	2838
159	2839
159	792
159	2841
159	2842
159	2843
159	2847
159	2850
159	2855
159	809
159	2860
159	813
159	823
159	830
159	846
159	848
159	855
159	863
159	871
159	872
159	878
159	879
159	884
159	904
159	905
159	910
159	913
159	930
159	938
159	939
159	940
159	950
159	951
159	956
159	957
159	958
159	967
159	984
159	506
159	990
159	166
159	998
159	1013
159	1019
159	1027
159	1028
159	1035
159	1041
159	1043
159	1054
159	1060
159	1062
159	1072
159	1076
159	1091
159	1092
159	1093
159	1099
159	1107
159	1108
159	1112
159	1114
159	1125
159	1129
159	1133
159	1141
159	1143
159	1144
159	1147
159	1152
159	1154
159	1162
159	1164
159	1165
159	1176
159	1198
159	1211
159	1216
159	1219
159	1224
159	1230
159	1234
159	1235
159	1237
159	1240
159	1243
159	1258
159	1275
159	1279
159	1285
159	1286
159	1287
159	1291
159	1292
159	1294
159	1302
159	1305
159	1306
159	1309
159	1311
159	1315
159	1324
159	1325
159	1327
159	1335
159	1349
159	1359
159	1360
159	1385
159	231
159	1426
159	1433
159	1437
159	1443
159	1448
159	1449
159	1454
159	1456
159	1467
159	1473
159	1477
159	1480
159	1481
159	1486
159	1491
159	1492
159	1494
159	1500
159	1504
159	2299
159	1508
159	1509
159	1516
159	1518
159	1524
159	1532
159	1533
159	1539
159	1542
159	1545
159	1547
159	1559
159	1568
159	1588
159	1591
159	1599
159	1600
159	267
159	1605
159	1607
159	1611
159	1614
159	1628
159	1632
159	1637
159	1640
159	1642
159	1647
159	1652
159	1653
159	1657
159	1662
159	1664
159	1665
159	1672
159	1675
159	1677
159	1678
159	1680
159	1691
159	1707
159	1718
159	1728
159	1730
159	1744
159	1753
159	1756
159	1760
159	1766
159	1770
159	1782
159	1784
159	1787
159	1800
159	1803
159	2349
159	1812
159	1819
159	1821
159	1830
159	305
159	1854
159	1864
159	1873
159	1879
159	1882
159	1895
159	1914
159	1926
159	1935
159	1941
159	1945
159	1948
159	1950
159	1953
159	406
159	1964
159	1970
159	1971
159	1974
159	1982
159	1983
159	1986
159	1989
159	2721
159	1995
159	1998
159	2002
159	2006
159	2009
159	2010
159	2015
159	2016
159	2022
159	2031
159	2035
159	2039
159	2040
159	2044
2154	1664
2154	2667
2154	517
2154	2311
2154	520
2154	1291
2154	1805
2154	1166
2154	660
2154	2839
2154	671
2154	32
2154	1825
2154	300
2154	1846
2154	1977
2154	1718
2154	1224
2154	2635
2154	204
2154	2637
2154	1232
2154	1233
2154	210
2154	1363
2154	2646
2154	89
2154	90
2154	1635
2154	2279
2154	2154
2154	107
2154	108
2154	765
2154	881
2154	1144
2154	106
2154	1663
2172	1568
2172	585
2172	1831
2172	2646
2172	753
2294	2560
2294	1542
2294	1032
2294	2588
2294	30
2294	36
2294	2599
2294	553
2294	1072
2294	2098
2294	1076
2294	1597
2294	2113
2294	1618
2294	596
2294	2651
2294	2652
2294	1125
2294	114
2294	632
2294	2691
2294	134
2294	136
2294	1168
2294	2709
2294	1176
2294	2211
2294	167
2294	175
2294	2760
2294	1208
2294	2751
2294	1728
2294	707
2294	197
2294	1224
2294	1230
2294	1234
2294	2254
2294	2774
2294	2778
2294	2270
2294	1780
2294	1786
2294	1322
2294	1793
2294	773
2294	1803
2294	2842
2294	2843
2294	2344
2294	1834
2294	1325
2294	1328
2294	1351
2294	840
2294	1867
2294	1358
2294	369
2294	347
2294	656
2294	2417
2294	2426
2294	1915
2294	1412
2294	2437
2294	2448
2294	2455
2294	925
2294	926
2294	423
2294	839
2294	430
2294	1967
2294	1974
2294	1978
2294	1469
2294	1983
2294	765
2294	970
2294	972
2294	1494
2294	2011
2294	2524
2294	2013
2294	990
2294	996
2294	2543
2294	1524
2294	1530
2315	2617
276	2050
276	1157
276	2055
276	1176
276	2843
276	1309
276	2759
276	2732
276	2350
276	2098
276	1721
276	1978
276	2752
276	1607
276	1608
276	338
276	989
276	1763
276	1234
276	497
276	2294
276	1912
276	1530
276	1404
276	1407
330	1608
330	330
330	1995
330	2159
330	500
330	2042
330	604
330	159
2384	1385
2384	2194
2384	2799
372	2306
372	1539
372	1285
372	2058
372	1548
372	1677
372	1624
372	539
372	1311
372	1953
372	1186
372	1067
372	1967
372	1849
372	956
372	958
372	456
372	201
372	589
372	1618
372	1235
372	2646
372	1240
372	2009
372	2394
372	609
372	489
372	490
372	1772
372	2797
372	1663
2455	896
2455	1387
2455	2181
2455	2310
2455	1645
2455	1300
2455	2210
2455	1060
2455	809
2455	2348
2455	1717
2455	310
2455	2113
2455	838
2455	2270
2455	2143
2455	1509
2455	2023
2455	1002
2455	1003
2455	1261
2455	374
2455	379
443	2081
443	2407
443	200
443	682
443	1803
443	2284
443	1520
443	148
443	761
443	58
443	1469
485	2245
485	2059
485	1677
485	2098
485	2455
485	2141
2535	1449
2677	1763
2677	204
2677	984
2677	728
2677	826
2677	925
2677	671
2688	166
2688	958
672	416
672	2436
672	1062
672	2859
672	2161
672	2297
680	1792
680	832
680	1539
680	484
680	1286
680	1057
680	2026
680	1575
680	973
680	1995
680	145
680	1855
680	1914
680	2801
680	1375
738	1803
738	402
738	1309
738	1945
738	2842
738	2843
738	925
738	926
738	553
738	2223
738	187
738	189
738	2623
738	1867
738	1481
738	1611
738	204
738	2510
738	975
738	343
738	1757
738	1119
738	737
738	1509
738	1385
738	1938
738	2287
738	2291
738	1273
738	2159
738	765
738	1407
2790	1186
2790	163
2790	2372
2790	166
2790	1831
2790	2632
2790	553
2790	2442
2790	159
2790	1201
2790	977
2790	628
2790	917
2790	1609
2790	1144
2790	1243
2790	1663
2804	1674
2804	855
2804	2704
2804	19
2804	1172
2804	1945
2804	1821
2804	1054
2804	731
2804	2724
2804	807
2804	2718
2804	1466
2804	249
2804	189
2804	64
2804	2113
2804	2760
2804	1741
2804	1487
2804	2391
2804	2779
2804	2527
2804	2406
2804	2808
2804	889
2804	1917
2823	1800
2823	1289
2823	1186
2823	1151
2823	2535
846	1305
846	163
846	1974
848	958
878	640
878	257
878	770
878	1669
878	1801
878	266
878	2700
878	1679
878	144
878	1304
878	1812
878	664
878	645
878	1824
878	810
878	2734
878	1846
878	1721
878	1466
878	1823
878	67
878	68
878	1605
878	2630
878	2121
878	1995
878	2510
878	1615
878	855
878	1368
878	860
878	861
878	2144
878	1384
878	1509
878	998
878	1000
878	843
878	1003
878	620
878	876
878	1519
878	2673
878	243
878	2410
904	1665
904	2116
904	1957
904	2343
904	1800
904	975
904	1500
904	1663
940	2563
940	2437
940	2703
940	1429
940	2842
940	1774
940	931
940	813
940	943
940	695
940	1089
940	2627
940	1221
940	1608
940	951
940	460
940	595
940	2388
940	731
940	2273
940	1509
940	2280
940	1642
940	878
940	1266
940	639
957	1539
957	2565
957	1867
957	143
957	2064
957	3
957	2836
957	1051
957	2588
957	1541
957	1185
957	421
957	1449
957	2475
957	1327
957	688
957	433
957	755
957	1076
957	1974
957	823
957	697
957	2747
957	700
957	446
957	1599
957	2624
957	2113
957	1995
957	1953
957	970
957	1591
957	1996
957	2743
957	336
957	2387
957	212
957	469
957	1499
957	92
957	863
957	2656
957	251
957	1509
957	2023
957	104
957	361
957	2143
957	485
957	1774
957	242
957	499
957	118
957	763
957	380
957	254
957	1663
1027	1539
1027	1034
1027	1038
1027	1423
1027	918
1027	1945
1027	159
1027	1974
1027	825
1027	2234
1027	2503
1027	978
1027	598
1027	2009
1027	1509
1027	1260
1027	879
1027	119
1027	504
1027	634
1027	763
1027	1407
1112	1635
1112	2439
1112	1895
1112	1224
1112	1226
1112	2603
1112	941
1112	765
1112	1232
1112	2420
1112	90
1112	2154
1176	1536
1176	513
1176	258
1176	342
1176	647
1176	1800
1176	1801
1176	1804
1176	1805
1176	2704
1176	1048
1176	2452
1176	1173
1176	1176
1176	1945
1176	2842
1176	2159
1176	1692
1176	2461
1176	1567
1176	1968
1176	1186
1176	112
1176	553
1176	2350
1176	303
1176	1200
1176	951
1176	187
1176	671
1176	1983
1176	194
1176	75
1176	1222
1176	1863
1176	2120
1176	1995
1176	2254
1176	1108
1176	1494
1176	476
1176	1502
1176	479
1176	276
1176	871
1176	1131
1176	108
1176	2286
1176	2543
1176	1904
1176	2674
1176	115
1176	1236
1176	2555
1176	508
1176	638
1176	1151
1524	33
1524	1186
1524	931
1524	2727
1524	266
1524	715
1524	1995
1524	848
1524	1067
1524	846
1524	1431
1524	2680
1524	1176
1524	2843
1568	2177
1568	2053
1568	1800
1568	2704
1568	2835
1568	2286
1568	1179
1568	2075
1568	1073
1568	2609
1568	701
1568	958
1568	1599
1568	970
1568	1995
1568	972
1568	1492
1568	2646
1568	2394
1568	744
1568	1831
1568	494
1568	115
1568	1663
1662	1848
1662	1849
1662	1850
1662	2155
1787	1632
1787	225
1787	1508
1787	1286
1787	1607
1787	1385
1787	2176
1787	1803
1787	2350
1787	1072
1787	2034
1787	314
1787	347
1787	1309
1787	2535
1935	2042
1935	948
2031	262
2031	1800
2031	393
2031	652
2031	1038
2031	1663
2031	669
2031	30
2031	416
2031	1953
2031	1186
2031	420
2031	6
2031	2086
2031	807
2031	2475
2031	1201
2031	179
2031	2230
2031	1720
2031	1594
2031	443
2031	2492
2031	194
2031	2627
2031	2501
2031	1656
2031	1995
2031	994
2031	1592
2031	1747
2031	84
2031	2009
2031	2267
2031	1509
2031	2145
2031	1762
2031	1659
2031	2854
2031	1385
2031	1899
2031	1389
2031	2159
2031	498
2031	885
2031	504
2031	2683
2031	511
174	216
174	2493
176	2210
176	943
176	1327
2210	1632
2210	2434
2210	2599
2210	2665
2210	2701
2210	786
2210	1492
2210	2345
943	684
943	813
943	943
177	1995
185	736
185	1953
185	66
185	425
185	301
185	20
185	1983
185	2270
185	2111
736	1793
736	1032
736	2190
736	2833
736	2454
736	925
736	926
736	31
736	2211
736	1224
736	2098
736	1974
736	1469
736	1608
736	2254
736	2774
736	2652
736	1757
736	2270
736	2016
736	1125
736	2164
736	1913
736	508
425	929
425	251
425	648
425	553
425	1674
425	1230
425	890
425	507
425	1309
2270	768
2270	2184
2270	2348
2270	2574
2270	2200
2270	2581
2270	1176
2270	416
2270	2081
2270	1058
2270	806
2270	1832
2270	1580
2270	429
2270	1928
2270	827
2270	1312
2270	1090
2270	207
2270	467
2270	1239
2270	95
2270	2793
2270	1387
2270	2542
2270	379
2111	2340
2111	2807
191	1632
191	676
191	2343
199	457
199	1663
203	1424
203	2297
203	538
203	169
972	2624
972	1665
972	40
972	2316
972	2743
972	972
972	975
972	311
972	1327
972	1663
2078	523
2617	901
2617	1287
2617	1800
2617	307
2617	2807
2617	1389
2617	1112
2617	985
2617	2627
2617	793
2617	1816
2617	1945
2617	2202
2617	2715
2617	796
2617	218
2617	543
2617	32
2617	1129
2617	2338
2617	419
2617	1316
2617	1649
2617	935
2617	2600
2617	1065
2617	810
2617	2175
2617	2623
2617	942
2617	2028
2617	1201
2617	691
2617	2616
2617	1337
2617	1339
2617	2108
2617	1341
2617	1342
2617	831
2617	1091
2617	2244
2617	1224
2617	842
2617	2039
2617	2760
2617	1186
2617	590
2617	2381
2617	765
2617	1375
2617	2387
2617	1230
2617	575
2617	984
2617	36
2617	331
2617	2780
2617	1373
2617	862
2617	2799
2617	2016
2617	1506
2617	739
2617	1509
2617	617
2617	2412
2617	1133
2617	2286
2617	2237
2617	1392
2617	879
2617	1683
2617	2382
2617	1141
2617	108
2617	169
2617	241
2617	1145
2617	553
2617	2043
2617	1962
2617	2344
2617	1599
2119	1606
2119	1585
2119	1290
2119	142
2119	2800
2119	1233
2119	1363
2119	1559
2119	2651
2119	1567
657	2113
657	260
657	807
657	970
657	1712
657	2646
657	254
682	3
682	1508
682	2630
682	1351
682	200
682	1609
682	620
682	526
682	765
682	1507
682	1981
700	928
700	112
700	194
700	1509
700	135
700	553
700	1201
700	1232
700	1521
700	1235
700	2039
700	1048
700	2621
700	958
700	1599
2820	1344
2820	1345
2820	258
2820	1285
2820	1800
2820	553
2820	1199
2820	2368
2820	1183
2311	1918
2311	1575
2311	1995
2311	2381
2311	590
2311	862
2311	1112
2311	1339
2311	2108
2311	765
2311	1342
791	134
808	1600
808	2336
808	2091
808	548
808	1287
808	715
808	1493
808	1558
808	1306
808	1887
810	2176
810	2817
810	261
810	1800
810	2068
810	1046
810	1305
810	1053
810	1221
810	2336
810	290
810	548
810	422
810	553
810	1712
810	561
810	2741
810	1334
810	572
810	63
810	64
810	2486
810	2760
810	1098
810	2510
810	593
810	339
810	1230
810	861
810	2527
810	2530
810	2278
810	2408
810	365
810	1519
810	1650
810	2803
810	1428
810	1493
1334	2627
1334	1201
1334	1800
1334	169
1334	1151
1334	1804
1334	1805
1334	2286
1334	2696
1334	204
1334	718
1334	2169
1334	1577
1334	2201
1334	1945
1334	2811
1334	671
1334	990
1334	2623
1698	733
1698	118
2381	1792
2381	1025
2381	3
2381	389
2381	1800
2381	691
2381	1816
2381	2073
2381	538
2381	2799
2381	1309
2381	160
2381	1057
2381	1186
2381	803
2381	1060
2381	1702
2381	169
2381	2175
2381	1996
2381	2043
2381	2483
2381	1333
2381	1974
2381	1335
2381	1084
2381	2623
2381	2227
2381	1224
2381	2380
2381	588
2381	1058
2381	591
2381	2003
2381	990
2381	1632
2381	739
2381	740
2381	1509
2381	488
2381	1003
2381	492
2381	1389
2381	495
2381	1649
2381	1961
2381	2169
2381	2815
2381	765
2381	2814
2381	2047
2382	2178
2382	2179
2382	1788
2382	2798
2382	2799
2382	1649
2382	2003
2382	2619
2382	796
2382	733
2382	990
2382	2623
2385	400
2385	1296
2385	2634
2385	2379
2385	1972
2394	896
2394	770
2394	939
2394	260
2394	5
2394	1800
2394	1545
2394	2058
2394	142
2394	913
2394	1176
2394	1307
2394	159
2394	1953
2394	290
2394	539
2394	166
2394	1833
2394	938
2394	2475
2394	428
2394	1663
2394	943
2394	1073
2394	1844
2394	312
2394	1849
2394	1311
2394	671
2394	701
2394	958
2394	1599
2394	2368
2394	2113
2394	2627
2394	1606
2394	201
2394	970
2394	631
2394	1186
2394	2510
2394	2287
2394	1234
2394	782
2394	2646
2394	2006
2394	1241
2394	730
2394	475
2394	2012
2394	1373
2394	95
2394	1632
2394	1509
2394	231
2394	489
2394	491
2394	1260
2394	2797
2394	1390
2394	2159
2394	2161
2394	498
2394	115
2394	372
2394	1271
2394	553
2394	1151
2394	1240
2394	2621
2394	1237
1373	513
1373	1539
1373	1541
1373	6
1373	1031
1373	1036
1373	1038
1373	1562
1373	2588
1373	32
1373	36
1373	553
1373	2617
1373	2108
1373	1599
1373	1888
1373	2627
1373	1604
1373	1974
1373	1609
1373	1610
1373	588
1373	590
1373	2127
1373	2130
1373	2133
1373	1623
1373	2140
1373	610
1373	2156
1373	2159
1373	2160
1373	2161
1373	2163
1373	2170
1373	635
1373	1148
1373	1663
1373	655
1373	2704
1373	1176
1373	2756
1373	2202
1373	1694
1373	2207
1373	1186
1373	168
1373	1705
1373	687
1373	688
1373	1224
1373	692
1373	1717
1373	182
1373	700
1373	1213
1373	190
1373	195
1373	1732
1373	2760
1373	1225
1373	1230
1373	1234
1373	2261
1373	1240
1373	1060
1373	1756
1373	1249
1373	746
1373	237
1373	238
1373	2288
1373	241
1373	2295
1373	248
1373	127
1373	765
1373	1420
1373	1287
1373	1800
1373	1801
1373	1803
1373	1804
1373	1805
1373	784
1373	2326
1373	793
1373	810
1373	1837
1373	1327
1373	2352
1373	1844
1373	2359
1373	2360
1373	1151
1373	1339
1373	1341
1373	1342
1373	2370
1373	2244
1373	2444
1373	1355
1373	844
1373	2381
1373	1358
1373	862
1373	1375
1373	1376
1373	1426
1373	1903
1373	372
1373	1397
1373	2113
1373	908
1373	401
1373	914
1373	2454
1373	1945
1373	416
1373	1953
1373	936
1373	939
1373	1972
1373	1462
1373	1980
1373	445
1373	1475
1373	1995
1373	162
1373	463
1373	1492
1373	984
1373	2009
1373	1500
1373	478
1373	1503
1373	1508
1373	1509
1373	2534
1373	2537
1373	504
1373	2555
2400	416
2400	1696
2400	2117
2400	2566
2400	1509
2400	2630
2400	273
2400	275
2400	277
2400	2646
2400	1562
2400	1787
2400	1503
2448	322
2448	324
2448	516
2448	2216
2448	2378
2448	194
2448	1486
2448	1456
2448	1137
2448	1010
2448	1459
2448	1618
2448	2358
2448	356
2448	1660
1382	1867
1382	204
1382	1749
1382	2382
1382	671
387	1618
1439	2113
1439	242
1439	187
1439	620
1439	254
1973	204
1973	1499
1973	1996
1973	671
1973	1599
511	2113
511	290
511	707
511	1541
511	102
511	2031
511	2032
511	2161
511	1074
511	1539
511	1972
511	119
511	1240
511	2169
511	474
511	956
511	1309
511	2458
205	1539
205	1541
205	2343
205	2375
205	1945
205	1663
206	1833
217	2528
217	962
217	2651
217	964
217	965
217	1606
217	1799
217	430
217	2525
217	498
217	2397
217	2650
217	184
217	1796
217	186
217	315
217	765
217	966
2397	896
2397	1539
2397	2308
2397	2437
2397	782
2397	3
2397	159
2397	674
2397	301
2397	1844
2397	1609
2397	799
2397	2370
2397	1603
2397	585
2397	970
2397	1995
2397	1998
2397	984
2397	1509
2397	498
2397	242
2397	372
2397	2169
2397	1663
2397	254
2397	1151
219	1376
219	99
219	196
219	1174
219	1606
219	1995
219	1260
219	2043
219	2525
219	498
219	278
219	184
219	1530
219	2651
219	2394
2043	1024
2043	902
2043	1800
2043	1807
2043	1309
2043	1606
2043	1575
2043	430
2043	1331
2043	1332
2043	1333
2043	1335
2043	1336
2043	2617
2043	186
2043	962
2043	964
2043	965
2043	966
2043	2380
2043	2381
2043	1232
2043	184
2043	2645
2043	1368
2043	2650
2043	2651
2043	2525
2043	2031
2043	498
2043	500
220	1376
220	1530
221	1376
221	1530
221	1174
222	1733
223	2625
223	1762
223	1035
223	36
223	1125
223	295
223	1322
223	491
223	2444
223	621
223	2061
223	1176
223	858
223	2837
223	504
223	2009
223	2426
223	477
223	1637
223	2373
2625	928
2625	514
2625	2353
2625	1762
2625	1805
2625	2097
2625	2039
2625	1048
2625	508
1762	3
1762	261
1762	519
1762	1803
1762	2316
1762	1551
1762	916
1762	152
1762	367
1762	1820
1762	287
1762	1186
1762	1831
1762	1327
1762	1204
1762	1849
1762	956
1762	958
1762	448
1762	197
1762	1609
1762	970
1762	1995
1762	2258
1762	1492
1762	1749
1762	1752
1762	2394
1762	227
1762	1509
1762	489
1762	107
1762	1260
1762	2159
1762	496
1762	1522
1762	2292
1762	1658
1762	2043
1762	1663
2061	1506
2061	1805
477	2176
477	1155
477	321
477	1800
477	1803
477	1933
477	1176
477	2842
477	541
477	410
477	1192
477	171
477	1909
477	2625
477	1731
477	2648
477	1500
477	1502
477	2016
477	481
477	1900
477	2292
477	2549
477	2294
477	504
226	2113
226	2802
2802	1298
227	896
227	553
227	1995
227	2252
227	749
227	2286
227	2063
227	2643
227	372
227	1240
227	1076
227	1980
896	1792
896	1666
896	1539
896	1668
896	8
896	1803
896	1156
896	1306
896	541
896	1696
896	1186
896	2472
896	940
896	813
896	1327
896	1201
896	1970
896	1076
896	823
896	1977
896	2238
896	2239
896	1221
896	1097
896	1100
896	1230
896	1240
896	1508
896	1509
896	352
896	737
896	1507
896	1892
896	2533
896	2159
896	1397
896	1526
896	2039
896	136
896	1663
230	2081
230	1986
230	2088
230	594
230	378
230	508
232	212
232	789
232	2374
235	2113
235	1426
235	251
238	1539
238	1508
240	1776
240	2113
240	339
240	1189
240	1327
2093	347
1622	1953
1461	242
1461	1995
2800	1953
2800	972
1269	2617
1272	2845
250	856
250	944
250	1212
250	708
1212	514
1212	1287
1212	1048
1212	2843
1212	2462
1212	928
1212	2097
1212	553
1212	2603
1212	2353
1212	1972
1212	951
1212	825
1212	192
1212	2625
1212	194
1212	2249
1212	1996
1212	2254
1212	1233
1212	1235
1212	1230
1212	342
1212	1756
1212	990
1212	1509
1212	1125
1212	2535
1212	108
1212	2286
1212	2159
1212	241
1212	2039
1212	508
252	896
252	1410
252	1539
252	9
252	1035
252	2571
252	166
252	2343
252	2088
252	1321
252	2475
252	818
252	1843
252	1974
252	1847
252	2491
252	1995
252	1867
252	1229
252	1492
252	1240
252	2270
252	2274
252	699
252	2159
253	970
970	1665
970	771
970	166
970	1510
970	1063
970	1800
970	311
970	1327
970	656
970	1618
970	1620
970	1271
970	542
970	1663
256	1995
256	1509
256	2374
256	2599
256	2856
256	1001
256	1099
256	1938
256	1271
256	2583
256	1530
256	1062
256	2458
256	1663
271	1909
1909	1508
1909	2159
1909	204
1909	1509
1909	671
851	701
851	260
851	201
851	1354
851	2475
851	1998
851	2159
851	2646
851	1722
851	2058
851	1311
274	1972
275	2448
275	651
275	1403
275	1867
275	653
275	429
275	976
275	275
275	571
275	1660
275	1503
429	64
429	1794
429	2692
429	2630
429	2510
429	313
429	187
429	572
429	861
2752	1509
2752	734
277	2400
277	737
277	1027
277	651
277	1867
277	823
737	513
737	1186
737	2854
737	870
737	2615
737	1803
737	765
737	2802
737	1526
737	2647
737	550
737	1209
737	2618
737	855
737	2621
737	990
282	1009
282	1699
282	2222
285	909
909	643
909	524
909	525
909	912
909	2579
909	2709
909	25
909	1178
909	1308
909	2597
909	1190
909	2344
909	2631
909	1455
909	2098
909	181
909	1209
909	1469
909	2113
909	2244
909	1479
909	953
909	84
909	2617
909	1625
909	2523
909	1896
909	1532
909	368
909	2810
909	2812
909	1533
293	349
308	2161
308	347
308	2588
308	2350
308	2031
309	587
310	225
310	2565
310	2023
310	1673
310	1069
310	2350
310	339
310	20
310	2455
310	1978
310	347
310	764
317	553
317	2443
317	759
323	555
325	1508
325	1290
325	2475
325	1486
325	889
325	2161
325	2724
325	724
325	1781
325	887
325	1176
325	1945
325	1882
326	1508
326	1290
326	2475
326	889
326	1486
326	911
326	2161
326	2130
326	724
326	1781
326	887
326	1176
326	1945
326	1882
327	887
327	33
327	1508
327	5
327	806
327	513
327	1290
327	2475
327	1486
327	889
327	2161
327	2130
327	1971
327	724
327	1781
327	1945
327	825
327	1882
327	1619
327	1725
806	1677
513	2465
513	1698
513	2287
513	2825
513	1058
513	2190
513	2030
513	528
513	1230
513	2099
513	2293
513	2647
513	504
513	2009
513	2031
513	732
513	738
513	1151
329	2177
2177	711
2177	392
2177	393
2177	391
2177	1293
2177	2516
331	1603
331	1509
331	166
331	295
331	2159
331	1176
331	636
331	958
331	1663
334	456
341	124
351	668
351	869
351	2761
351	1869
351	346
351	1436
1869	2113
1869	1436
1869	724
1869	53
804	252
355	2794
359	2789
2306	2272
2306	619
2306	1067
2306	556
2306	1998
2306	1108
2306	1397
2306	2102
2306	1271
2306	2236
1849	1963
1849	1287
1849	1800
1849	1038
1849	286
1849	2210
1849	1444
1849	1445
1849	2601
1849	811
1849	1964
1849	814
1849	1967
1849	946
1849	952
1849	2489
1849	1850
1849	1083
1849	2368
1849	1995
1849	1229
1849	721
1849	1746
1849	1620
1849	2745
1849	1509
1849	365
1849	2159
1849	1961
1849	252
1772	1280
1772	513
1772	1539
1772	1413
1772	1772
1772	1176
1772	159
1772	928
1772	1057
1772	2596
1772	1831
1772	1449
1772	2115
1772	1121
1772	1482
1772	1995
1772	1959
1772	1240
1772	1630
1772	1631
1772	1632
1772	2145
1772	738
1772	1509
1772	2666
1772	807
1772	1260
1772	877
1772	1143
1772	254
1772	1663
373	337
373	2774
375	2774
375	1823
382	2802
382	1629
382	1630
382	1015
1629	1792
1629	2447
1629	788
1629	1440
1629	1058
1629	165
1629	550
1629	807
1629	2354
1629	2488
1629	1979
1629	2113
1629	1995
1629	76
1629	1240
1629	1121
1629	1890
1629	1831
1629	1388
1629	2159
1629	1777
1629	376
1629	2170
1630	1792
1630	1121
1630	1890
1630	1539
1630	1509
1630	1607
1630	1352
1630	1776
1630	2226
1630	2195
1630	376
1630	1057
1630	1405
383	383
384	1702
385	2338
385	1415
385	1623
385	1447
385	300
385	2173
385	2739
385	2485
385	182
385	183
385	2617
385	1501
388	2284
389	204
389	671
390	2353
390	2842
390	58
390	2284
390	514
392	1609
392	970
393	1761
393	1974
393	879
402	1696
402	2538
402	1234
402	2450
402	1373
408	921
408	748
408	2052
748	256
748	768
748	2
748	2646
748	1288
748	1801
748	1035
748	1165
748	782
748	403
748	2581
748	1688
748	2465
748	2365
748	2113
748	2372
748	197
748	970
748	1995
748	1878
748	1240
748	473
748	2267
748	988
748	2270
748	2159
748	2810
748	252
748	766
2451	1632
2451	1186
2451	163
2451	1893
2451	879
2451	2131
2451	1974
2451	1509
1047	225
1047	242
1047	1995
1047	553
1326	1663
2105	1930
2105	781
2105	142
2105	411
2105	2588
2105	2333
2105	671
2105	1904
2105	1186
2105	36
2105	1062
2105	1831
2105	297
2105	2617
2105	1478
2105	715
2105	79
2105	2257
2105	1874
2105	2389
2105	2105
2105	1060
2105	2511
2105	477
2105	94
2105	223
2105	738
2105	1509
2105	2662
2105	620
2105	1774
2105	879
2105	2160
2105	2675
2105	2676
2105	2159
2105	2301
2105	1790
1610	2304
1610	1665
1610	1027
1610	1803
1610	2066
1610	1176
1610	2467
1610	166
1610	1196
1610	1848
1610	829
1610	2627
1610	1526
1610	840
1610	1996
1610	975
1610	464
1610	2360
1610	594
1610	1126
1610	2284
1610	1136
1610	1524
1610	246
1610	1663
2087	416
2087	2113
2087	1250
2087	1507
2087	1508
2087	37
2087	763
2087	1160
2087	1628
2087	1186
2087	1006
2087	2159
2087	1618
2087	1539
2087	2516
2087	87
2087	1016
2087	1871
2087	252
2087	126
1751	416
1751	1058
1751	3
1751	1221
1751	1831
1751	1491
1751	265
1751	2058
1751	1867
1751	203
1751	1134
1751	2671
1751	1539
1751	2516
1751	245
1751	2646
1751	1719
1751	1176
1751	1291
1751	1628
424	1995
424	671
1674	425
426	1600
426	1729
426	1555
1555	2377
1555	2467
1592	1632
1592	1057
1592	1474
1592	1509
1592	1446
1592	1953
1592	1834
1592	2503
1592	879
1592	1240
1592	2458
1592	1327
1592	2535
807	2176
807	896
807	2562
807	3
807	133
807	1670
807	2817
807	1800
807	1805
807	1038
807	16
807	1684
807	1519
807	1558
807	2351
807	1821
807	800
807	2465
807	290
807	547
807	39
807	553
807	943
807	561
807	2100
807	2485
807	2486
807	55
807	2620
807	842
807	1599
807	1600
807	2627
807	1974
807	2760
807	1481
807	586
807	1995
807	1186
807	2127
807	976
807	2257
807	1620
807	1492
807	1493
807	215
807	2393
807	1376
807	2704
807	2146
807	1763
807	1509
807	2278
807	2792
807	2300
807	365
807	1263
807	2408
807	2365
807	1526
807	404
807	2159
807	2043
807	636
807	2174
807	1309
2438	1024
2438	3
2438	260
2438	389
2438	2535
2438	1800
2438	265
2438	1291
2438	2447
2438	1539
2438	19
2438	1881
2438	2073
2438	2203
2438	796
2438	671
2438	162
2438	1575
2438	553
2438	2475
2438	813
2438	1073
2438	2483
2438	695
2438	1592
2438	1311
2438	956
2438	957
2438	2239
2438	1602
2438	1864
2438	1995
2438	204
2438	1230
2438	1831
2438	1895
2438	212
2438	1240
2438	89
2438	1628
2438	1125
2438	1505
2438	1762
2438	1509
2438	1233
2438	1130
2438	491
2438	1260
2438	2159
2438	498
2438	372
2438	2814
2438	1791
2438	765
2438	254
2438	1151
2467	1448
2467	1831
2467	1629
2467	2447
1996	2489
1996	2
1996	906
1996	2627
1996	1559
1996	2331
1996	2465
1996	1954
1996	2595
1996	37
1996	2599
1996	948
1996	1974
1996	2105
1996	957
1996	193
1996	1219
1996	2372
1996	33
1996	1608
1996	1996
1996	1995
1996	1228
1996	79
1996	1495
1996	1231
1996	2781
1996	482
1996	867
1996	1125
1996	2154
1996	364
1996	1135
1996	498
1996	500
1996	1782
1996	767
431	2064
431	2705
431	262
431	2097
438	1412
438	1995
438	1260
438	2159
438	1974
438	2459
438	127
1412	1328
1412	881
1412	1006
1412	671
442	1520
442	1938
442	1828
1828	1520
1828	273
1828	2062
444	284
445	2081
445	2704
445	1618
445	1717
445	2270
445	255
446	1186
446	1125
446	747
446	2770
446	1433
446	957
448	1632
448	2562
448	1763
448	452
448	1186
448	2770
448	2100
448	957
450	0
450	432
450	1027
450	1476
450	2768
450	1877
450	2330
450	414
450	671
468	469
469	2096
469	1186
469	1507
469	1412
469	869
469	903
469	1225
469	1228
469	957
469	2800
469	2353
469	242
469	2707
469	972
469	261
903	75
903	2782
903	2503
482	1953
482	1092
482	1665
482	1480
482	1803
482	364
482	2744
2059	2623
2141	1995
486	671
492	1054
492	2599
1074	1110
2465	2
2465	6
2465	266
2465	770
2465	142
2465	1426
2465	1684
2465	2711
2465	409
2465	1567
2465	928
2465	161
2465	1574
2465	2855
2465	1322
2465	2350
2465	2351
2465	1974
2465	954
2465	415
2465	189
2465	190
2465	959
2465	1730
2465	2627
2465	197
2465	1224
2465	1995
2465	1613
2465	590
2465	975
2465	2256
2465	1233
2465	2253
2465	1235
2465	1230
2465	984
2465	1243
2465	92
2465	1373
2465	1823
2465	2275
2465	237
2465	624
2465	1905
2465	2802
2465	187
2465	251
2465	2719
2465	254
2465	767
2825	1173
2030	1952
2030	266
2030	1509
732	2294
732	458
732	428
732	18
732	2160
732	2802
732	1974
732	664
515	96
515	416
515	1972
515	2294
515	1305
515	2169
530	1857
530	2506
530	251
530	2700
533	166
533	958
534	501
543	2155
543	1514
543	1803
543	1995
543	1135
543	1588
543	1567
2155	642
2155	2819
2155	2309
2155	262
2155	1290
2155	1291
2155	2064
2155	146
2155	899
2155	661
2155	2710
2155	2327
2155	2331
2155	1436
2155	798
2155	1567
2155	32
2155	2465
2155	1188
2155	1573
2155	296
2155	1194
2155	2226
2155	431
2155	2354
2155	2483
2155	1718
2155	441
2155	1850
2155	957
2155	134
2155	2848
2155	2602
2155	1654
2155	1097
2155	74
2155	1100
2155	2000
2155	1400
2155	2642
2155	2521
2155	2522
2155	1767
2155	1514
2155	2155
2155	2796
2155	238
2155	239
2155	2728
2155	116
2155	2550
2155	887
2155	760
2155	2298
2155	765
2155	1662
2155	255
1567	2
1567	1284
1567	2316
1567	1640
1567	1296
1567	1682
1567	1683
1567	1684
1567	1813
1567	2711
1567	1304
1567	409
1567	1135
1567	160
1567	935
1567	296
1567	169
1567	299
1567	1580
1567	1454
1567	1073
1567	2483
1567	2484
1567	949
1567	2489
1567	827
1567	2101
1567	1219
1567	1220
1567	967
1567	2376
1567	2634
1567	460
1567	2000
1567	849
1567	470
1567	2775
1567	984
1567	1124
1567	2175
1567	1972
1567	92
1567	1373
1567	990
1567	100
1567	2789
1567	1233
1567	872
1567	1201
1567	1642
1567	2155
1567	281
1567	623
1567	2855
1567	1385
1567	575
1567	1402
1567	2047
1567	767
1567	1514
1567	2814
1567	661
545	278
557	194
559	2569
559	1938
560	2161
562	871
563	712
563	194
564	2583
564	1492
564	1230
564	671
570	2113
581	2218
581	1763
581	878
583	1632
583	2113
583	212
583	358
592	1721
592	620
592	1837
592	553
620	770
620	137
620	2060
620	2704
620	1859
620	1172
620	664
620	2846
620	671
620	2475
620	1714
620	1974
620	2743
620	2625
620	2243
620	1224
620	204
620	984
620	861
620	1118
620	2144
620	610
620	1775
620	1778
620	2676
620	894
1837	1408
1837	1014
595	664
595	2676
595	861
605	801
606	2485
612	872
612	260
619	462
619	1319
2243	1823
2243	865
2243	770
2243	131
2243	2630
2243	2054
2243	2280
2243	1429
2243	863
2243	813
2243	878
2243	1263
2243	1843
2243	2068
2243	2261
2243	1367
2243	1615
2243	2703
2243	862
2243	639
894	737
894	290
894	763
894	2238
894	1509
894	2022
894	2503
894	680
894	2286
894	2159
894	1800
894	2514
894	2068
894	2101
894	792
894	148
894	602
894	603
894	1743
894	1663
622	2361
622	1107
622	1061
622	1995
622	1831
644	681
644	2771
644	1925
644	455
644	2617
2771	513
2771	212
2771	2113
2771	2535
658	229
658	663
665	2256
665	1371
665	1171
1064	1664
1064	2854
1064	204
1064	242
1064	2800
1064	722
1064	2073
1064	1661
1064	671
2813	55
1499	1927
1499	1552
1499	1809
1499	149
1499	2710
1499	2458
1499	218
1499	158
1499	1953
1499	2467
1499	38
1499	1191
1499	1451
1499	306
1499	1972
1499	443
1499	957
1499	2122
1499	1995
1499	81
1499	2138
1499	2139
1499	1887
1499	1831
1499	2159
1499	1524
1499	1397
1499	503
1499	251
1499	1685
2436	2593
675	1756
675	1287
679	1539
2801	256
2801	1539
1351	640
1351	225
1351	3
1351	1351
1351	860
1351	2350
1351	1904
1351	1367
1351	347
1351	2588
1351	926
1351	2527
685	513
685	737
686	32
686	2113
686	242
686	1227
687	32
687	736
687	1373
687	2646
689	32
689	386
689	2410
689	1072
689	1593
689	2617
693	1331
693	1332
693	1333
693	1335
693	1336
693	1337
710	2605
713	2304
713	2082
713	1419
713	1908
713	2774
713	2494
1419	1472
1419	2149
1419	2151
1419	682
1419	589
1419	1914
1419	283
1908	266
1908	3
1908	1607
1908	1615
2494	2233
2494	2210
2494	1517
714	1665
714	996
714	1974
714	1430
714	1306
714	636
714	2301
1430	2113
1430	1539
1430	2646
1430	198
1430	2159
1430	723
1430	212
1430	1110
1430	1176
1430	763
716	216
716	713
716	2250
716	2493
716	174
717	1632
717	212
721	169
721	1539
721	2772
722	1171
722	652
722	1141
725	2180
726	473
727	1232
729	2672
729	2585
733	513
733	1539
733	5
733	1931
733	2060
733	2190
733	528
733	18
733	1518
733	2842
733	261
733	2464
733	1698
733	553
733	1715
733	574
733	451
733	969
733	2251
733	2382
733	1230
733	2647
733	984
733	2009
733	1628
733	737
733	2662
733	1894
733	2030
733	2031
733	2417
733	504
733	2553
733	2301
733	1151
2464	513
2464	2275
2464	2824
2464	1290
2464	2583
2464	1805
2464	2704
2464	401
2464	1815
2464	998
2464	2588
2464	1309
2464	798
2464	2207
2464	928
2464	767
2464	1574
2464	553
2464	2475
2464	1325
2464	2350
2464	1201
2464	2102
2464	187
2464	1218
2464	963
2464	197
2464	1349
2464	97
2464	1224
2464	1226
2464	1099
2464	2252
2464	1230
2464	2256
2464	1233
2464	82
2464	1235
2464	2647
2464	2520
2464	1243
2464	1232
2464	610
2464	1379
2464	1509
2464	1766
2464	2385
2464	1385
2464	2501
2464	871
2464	236
2464	237
2464	1905
2464	2163
2464	1526
2464	681
2464	2555
2464	1276
2464	1278
2464	1151
1715	2704
1715	233
1715	1186
1715	1509
1715	2438
734	1125
734	2221
735	513
735	5
735	582
735	551
735	2824
735	55
735	780
735	559
735	19
735	2293
735	822
735	2391
735	477
735	2301
2391	257
2391	1938
2652	1128
2652	1753
2652	1924
2652	1125
2652	871
743	801
2267	1217
2267	1288
2267	1801
2267	779
2267	2828
2267	166
2267	2343
2267	808
2267	1321
2267	1843
2267	2365
2267	833
2267	1995
2267	1867
2267	1240
2267	1500
2267	2113
2267	1772
2267	2159
2267	553
2267	2810
2267	253
750	2557
750	917
750	197
917	197
917	134
917	1643
917	2589
917	1679
917	1680
917	917
917	2774
917	1327
917	2300
917	2557
751	2826
752	917
757	699
758	121
758	302
758	1161
774	2301
778	2432
778	1792
778	1803
778	13
778	1809
778	1945
778	2075
778	28
778	1126
778	2081
778	2475
778	2095
778	2356
778	1599
778	2113
778	1035
778	1618
778	1107
778	1632
778	1506
778	1125
778	742
778	1383
778	362
778	1645
778	242
778	2164
778	629
778	1021
778	1663
785	1632
1249	498
1249	1938
1249	2391
800	850
800	2527
800	2516
800	637
800	2261
2127	134
2127	2313
2127	1431
2127	142
2127	1168
2127	1553
2127	1559
2127	2585
2127	2842
2127	2728
2127	1454
2127	2073
2127	1609
2127	825
2127	970
2127	319
2127	320
2127	2113
2127	1993
2127	1738
2127	1232
2127	1233
2127	2002
2127	1363
2127	1977
2127	1497
2127	1245
2127	862
2127	2273
2127	1380
2127	487
2127	2155
2127	876
2127	1234
2127	2158
2127	2159
2127	2802
2127	887
2803	640
2803	1760
2803	2724
2803	1669
2803	2406
2803	2695
2803	2696
2803	394
2803	807
2803	878
2803	1487
2803	1840
2803	144
2803	2261
2803	855
2803	1945
2803	1466
2803	249
2803	860
2803	645
1428	742
1428	2763
1428	46
1428	2159
1428	2704
1428	2161
1428	2130
1428	1972
1428	2646
1428	79
1428	956
1428	765
1428	159
811	2786
811	1508
811	1509
811	1007
811	553
811	1035
811	1964
811	1186
811	142
811	879
811	565
811	1974
811	2159
811	1692
811	1151
814	1186
814	1509
814	1260
814	266
814	1964
814	879
814	597
815	434
815	1506
815	1974
820	2763
821	358
821	1800
821	31
821	1581
821	529
821	212
821	2006
821	1275
821	508
821	1663
828	1995
828	2159
833	2113
834	1125
834	1831
834	1801
834	1291
834	1974
834	1503
834	1349
835	1291
835	1509
836	1176
836	770
836	861
836	2501
2501	2176
2501	2475
2501	6
2501	1346
2501	527
2501	2833
2501	1170
2501	787
2501	1434
2501	1435
2501	922
2501	671
2501	2225
2501	938
2501	939
2501	1201
2501	1335
2501	1343
2501	2242
2501	455
2501	1867
2501	204
2501	1485
2501	2132
2501	2014
2501	1509
2501	1637
2501	1385
2501	2283
2501	111
2501	2038
837	2113
837	212
837	701
839	1408
839	2588
839	68
839	2510
839	1519
840	1408
840	592
840	68
840	645
840	2510
840	1519
840	1072
840	2588
840	1823
841	1632
841	1255
841	810
841	1419
841	2254
841	1271
841	1418
1255	1792
1255	1728
1255	1539
1255	133
1255	1286
1255	1800
1255	1034
1255	1803
1255	1043
1255	1198
1255	2070
1255	1305
1255	1945
1255	2074
1255	2543
1255	2778
1255	773
1255	1569
1255	1059
1255	36
1255	549
1255	747
1255	681
1255	1325
1255	2094
1255	264
1255	2098
1255	854
1255	950
1255	2487
1255	2360
1255	2105
1255	509
1255	2621
1255	1982
1255	1599
1255	2496
1255	1089
1255	1157
1255	1774
1255	1974
1255	2632
1255	2378
1255	1611
1255	2760
1255	1744
1255	1492
1255	2774
1255	216
1255	218
1255	347
1255	2298
1255	1509
1255	2016
1255	1125
1255	615
1255	745
1255	2279
1255	1248
1255	2542
1255	873
1255	1648
1255	241
1255	500
1255	2558
1255	2295
1255	553
1255	508
1255	1149
1255	1278
1255	1663
1418	283
1418	2149
1418	2151
845	2213
845	31
2213	2434
2213	2701
847	416
1354	260
1354	1995
1354	996
1354	1054
853	1271
867	1412
867	2150
867	223
867	2762
867	748
867	1006
867	881
867	89
867	1663
867	1375
2762	2627
2762	453
2762	426
2762	1234
2762	407
2762	765
2762	159
881	1666
881	10
881	2626
881	142
881	656
881	1553
881	2462
881	2343
881	1196
881	2861
881	1310
881	1210
881	2108
881	576
881	1218
881	2627
881	2760
881	2507
881	1617
881	1618
881	723
881	89
881	1375
881	881
881	1013
881	1658
881	1151
868	2210
868	2434
2434	2304
2434	2791
2434	2795
2434	911
2434	2622
2434	251
2434	1470
874	1000
874	266
874	243
875	1917
1846	1217
1846	2571
1846	553
1846	970
1846	779
1846	1359
1846	1299
1846	2154
1846	1373
1846	1240
1846	2267
1846	2475
1615	512
1615	2816
1615	1539
1615	261
1615	2817
1615	1165
1615	2660
1615	1812
1615	2585
1615	668
1615	645
1615	418
1615	2468
1615	2673
1615	1222
1615	843
1615	2256
1615	2212
1615	2276
1615	1000
1615	234
1615	876
1615	1521
1615	2163
1615	2676
1615	2555
880	1773
880	406
880	197
1773	1800
1773	1803
1773	1804
1773	1805
1773	1553
1773	1685
1773	2711
1773	1953
1773	1186
1773	2595
1773	2855
1773	1322
1773	428
1773	958
1773	2114
1773	2627
1773	1057
1773	1992
1773	1995
1773	1954
1773	2000
1773	1233
1773	2774
1773	218
1773	1509
1773	2535
1773	1641
1773	1006
1773	881
1773	1151
1773	2814
1773	767
2462	202
2462	2796
2462	333
2462	2770
2462	1430
2462	919
2462	27
2462	1695
882	216
882	1173
882	174
882	2151
2151	2402
2151	1125
2151	742
2151	2023
2151	2410
2151	190
2151	1534
2151	2062
2151	2287
2151	1072
2151	1233
2151	1171
2151	2350
2151	2135
2151	345
2151	1593
2151	2161
2151	510
2151	1173
883	1675
883	2765
883	2261
888	2624
888	1864
888	1917
891	1076
893	2481
895	1792
895	416
895	1800
895	956
895	2159
895	140
895	623
895	1618
895	1557
895	951
895	1240
895	2779
895	2492
1977	2816
1977	896
1977	260
1977	1879
1977	396
1977	1301
1977	2585
1977	667
1977	668
1977	159
1977	2849
1977	802
1977	2468
1977	553
1977	2475
1977	2349
1977	1327
1977	31
1977	1087
1977	1218
1977	1864
1977	843
1977	333
1977	1488
1977	1108
1977	983
1977	2013
1977	2016
1977	227
1977	2660
1977	1509
1977	2041
897	469
906	1964
906	1070
906	1974
907	2708
2708	29
915	952
915	1038
916	252
923	2828
923	1330
923	1500
933	1186
933	166
933	1800
933	2286
933	2073
933	1151
937	2016
937	1369
1774	1368
1774	1921
1774	2691
1774	261
1774	518
1774	1800
1774	1804
1774	1805
1774	301
1774	656
1774	1553
1774	1554
1774	1685
1774	1430
1774	1881
1774	1133
1774	2842
1774	1436
1774	2586
1774	197
1774	2721
1774	1186
1774	2595
1774	420
1774	805
1774	1948
1774	2475
1774	428
1774	1965
1774	688
1774	2353
1774	951
1774	630
1774	1503
1774	2601
1774	957
1774	958
1774	1728
1774	2114
1774	1219
1774	1861
1774	1953
1774	2760
1774	2635
1774	1996
1774	1954
1774	1767
1774	2000
1774	1233
1774	1234
1774	1235
1774	1364
1774	2221
1774	36
1774	2522
1774	1628
1774	863
1774	2064
1774	587
1774	1275
1774	1764
1774	1509
1774	1255
1774	1130
1774	1127
1774	1618
1774	1006
1774	879
1774	1032
1774	881
1774	1363
1774	500
1774	502
1774	1506
1774	2535
1774	2171
1774	1789
1774	1406
1774	767
945	943
945	2627
945	2588
945	2301
945	813
947	1850
2387	1316
2387	2789
2387	1224
2387	2634
2387	1038
2387	1201
2387	2483
2387	1524
2387	279
2387	2815
2387	2047
960	2646
974	1012
1012	17
1012	1595
979	2787
979	197
979	2826
979	2475
979	748
979	754
979	1711
979	2706
979	1431
979	2045
979	1055
981	251
981	932
981	2047
981	2019
982	1459
982	2700
986	2720
986	1953
986	2535
986	426
986	1389
986	407
986	765
987	701
987	1134
991	1370
992	1995
992	1509
993	1539
1004	406
1011	347
1020	1607
1024	389
1024	2438
1024	2447
1024	1685
1024	2589
1024	1186
1024	902
1024	1575
1024	1064
1024	553
1024	810
1024	940
1024	1073
1024	187
1024	1983
1024	1602
1024	2381
1024	1232
1024	469
1024	1505
1024	1762
1024	1509
1024	1831
1024	2294
1024	1599
2447	159
1505	2306
1423	1604
1423	646
1423	2097
1423	21
1423	857
1423	1306
1423	830
1033	1012
1039	1186
1039	2627
1039	957
1039	1995
1039	1831
1042	1201
1045	2832
1045	537
1045	1995
1049	1508
1052	1385
1052	1599
1056	2209
1056	2039
1056	1953
1056	1663
1056	2343
1059	2098
1066	662
1066	1751
1075	2625
1075	290
1075	2568
1075	1212
1075	428
1075	2542
1075	1176
1075	700
1080	1867
1081	1880
1082	765
1094	1509
1095	732
1103	1457
1103	579
1103	980
1103	1941
1457	980
1457	2646
1105	2076
2439	2267
2439	1509
2439	2159
1113	2062
1120	1258
1120	2701
1138	1848
1138	212
1848	2113
1848	1506
1848	1539
1848	996
1848	1609
1848	970
1848	1803
1848	2
1848	971
1848	1583
1848	483
1848	2644
1848	405
1848	2646
1848	457
1848	728
1848	212
1848	2842
1848	1994
1140	2113
1140	1499
1153	2138
1153	1439
1159	1419
1163	355
1175	32
1175	1327
2543	2016
2543	1986
2543	931
2543	667
2543	2646
2543	358
2543	1831
2543	1995
2543	1197
2543	2766
2543	1519
2543	1520
2543	244
2543	2261
2543	1974
2543	1560
2543	1524
2543	1435
2543	668
2543	701
2543	1823
1181	1350
1181	139
1181	2641
1181	2098
1181	2612
1181	1151
2641	1151
2612	2859
2612	1420
2612	1422
2612	399
2612	400
2612	1176
2612	1700
2612	2854
2612	296
2612	553
2612	1579
2612	1073
2612	950
2612	2617
2612	1852
2612	832
2612	2244
2612	453
2612	844
2612	1226
2612	588
2612	1232
2612	2385
2612	2764
2612	1369
2612	225
2612	2789
2612	617
2612	1132
2612	1393
2612	498
2612	2035
2612	500
2612	169
2612	1407
2612	1151
1184	746
1184	1436
1184	1154
1184	1869
2584	1953
2584	1186
2584	1091
2584	1540
2584	1509
2584	1287
2584	2824
2584	1772
2584	748
2584	1805
2584	462
2584	2159
2584	400
2584	242
2584	1909
2584	1974
2584	2372
2584	826
2584	879
2584	2081
2584	2207
1626	1632
1750	1772
1750	1539
1750	2164
1750	2475
1750	807
2780	2438
2780	1186
2780	1787
2780	2780
2780	1509
2780	1382
2780	1031
2780	1320
2780	1964
2780	42
2780	460
2780	1599
2780	2159
2780	2321
2780	2169
2780	1817
2780	879
2780	1180
2780	2623
2536	1186
1195	691
1213	1064
1213	1492
1213	2260
1213	1271
1213	89
1213	1213
1213	1663
1214	1449
1214	2402
2402	1506
2402	1220
2402	5
2402	197
2402	204
2402	1186
2402	1038
2402	2061
2402	275
2402	2612
2402	2646
2402	2009
2402	2170
2402	671
2402	1916
2402	218
2402	958
2402	261
1242	672
1242	170
1242	1491
1242	1732
1242	701
1246	1772
1246	958
1247	990
1247	855
1248	197
1248	1255
1250	2176
1250	1509
1250	105
1250	554
1250	1328
1250	1143
1250	1599
1252	1509
1253	328
1253	980
1253	579
1253	2644
1254	301
2094	940
2558	1457
2558	1602
2558	579
2558	980
2558	1387
1256	459
1256	342
1256	1509
1256	1803
1256	2094
1256	1648
1256	2646
1256	1560
1256	509
1256	1125
1257	2632
1257	16
1257	786
1257	1988
1257	1125
1261	2657
1261	1986
1261	230
1261	2407
1261	445
1261	1431
1261	1885
1261	2270
1261	2367
1262	1431
1264	2472
1264	1995
1264	977
1264	50
1264	1176
1264	958
1265	1520
2149	2304
2149	67
2149	1160
2149	1072
2149	1553
2149	339
2149	2842
2149	347
2149	1821
1280	2048
1280	372
1280	1509
1280	1647
1281	1171
1281	652
1282	1796
1282	1606
1282	1234
1282	1240
1282	964
1282	2842
1282	155
1283	1234
1283	155
1283	1282
1297	698
1297	1571
1297	709
1297	741
1298	2343
1298	1054
1298	1804
1298	241
1298	1076
1298	1781
1298	1147
1298	958
1298	2357
1329	1234
1329	717
1353	1831
1356	1850
1357	2774
1361	504
1361	1176
1361	1837
1362	2348
1362	207
1366	256
1366	2729
1366	2424
1366	85
1366	88
1366	2844
1888	2176
1888	1953
1888	643
1888	1509
1888	2598
1888	1833
1888	2634
1888	1867
1888	2124
1888	1134
1888	1539
1888	2563
1888	2740
1888	1014
1888	1176
1888	1561
1888	1243
1888	701
1888	2412
2756	264
2756	2458
2756	279
2756	1509
2756	319
2207	867
2207	1995
2207	1260
2207	2610
2207	694
2207	2043
2370	896
2370	1474
2370	2148
2370	1509
2370	1831
2370	252
2370	810
2370	846
2370	1327
2370	2800
2370	2308
2370	879
2370	2748
2370	30
2370	1892
1381	1910
1749	1060
1749	694
1749	262
1749	2154
1749	2637
1749	1232
1749	1233
1749	1234
1749	2483
1749	862
1749	1974
1749	2583
1749	2394
1749	126
1749	1567
1394	1230
1395	2113
2153	2113
2153	899
2153	2309
2153	807
2153	957
2153	1514
2153	2155
2153	255
2153	1006
2153	2287
2153	2483
2153	661
2153	2839
2153	1291
2153	1567
2153	1295
2153	2557
2153	1822
2153	2495
1398	1062
1409	1753
1411	871
1413	705
1413	1995
1413	2596
1413	1831
1413	1607
2596	1057
2596	1186
2596	3
2596	2090
2596	1260
2596	877
2596	1105
2596	1107
2596	330
2596	1821
1414	1632
1414	2535
1414	1509
1414	879
1417	201
1427	1888
1427	2763
1427	2159
1427	2704
1427	1972
1427	2646
1427	765
1427	254
1440	1632
1440	1538
1440	1629
1441	1786
1441	1995
1441	1910
1441	519
1786	807
1453	493
1458	611
1458	1509
1458	2535
1458	2248
1458	746
1458	395
1458	2159
1458	2823
1458	372
1458	2454
1458	732
1460	2
1460	1509
1460	78
1460	879
1460	1524
1460	1851
1464	392
1464	393
1464	1293
1464	711
1471	1953
1471	2235
1471	1508
1471	2661
1471	1831
1471	2154
1471	1967
1471	241
1471	2447
1471	1212
1471	197
1484	1235
1490	303
1511	612
1512	612
1515	2675
1523	1448
1523	1449
1523	1003
1523	2092
1523	1800
1523	1363
1523	1782
1523	823
1523	2280
1525	292
1525	1553
1525	553
1525	75
1525	656
1525	1201
1525	499
1525	2169
1525	218
1525	765
1527	931
1529	2231
1531	2690
1531	1327
1537	473
1537	1567
1549	2788
1549	1554
1549	28
1549	382
1550	1831
1563	1305
1563	2459
1563	2854
1563	1201
1563	990
1563	2627
1563	1224
1563	2249
1563	1230
1563	1234
1563	212
1563	1877
1563	984
1563	1241
1563	862
1563	95
1563	1509
1563	1382
1563	108
1563	2163
1563	2555
1563	2814
2376	1995
2376	1508
2376	1509
2376	1230
2376	1151
2000	642
2000	260
2000	2438
2000	1805
2000	532
2000	1436
2000	2394
2000	1953
2000	296
2000	301
2000	688
2000	1224
2000	1983
2000	66
2000	580
2000	2760
2000	2000
2000	2521
2000	2522
2000	2155
2000	2800
2000	881
2000	498
2000	119
2835	2068
2835	972
1582	1173
1582	2509
1582	1733
1583	2310
1585	169
1585	2382
1590	2388
1598	1230
1612	555
1612	1452
1627	1632
1627	674
1627	2694
1627	550
1627	1831
1627	1226
1627	2317
1890	2016
1890	1508
1890	1735
1890	178
1890	2483
1890	2197
1890	2583
1890	2045
1631	1121
1631	1890
2230	1632
2230	1539
2230	2053
2230	1995
2230	2351
2230	1106
2230	1498
2230	2031
2230	1373
2754	134
2754	1801
2754	1803
2754	1805
2754	413
2754	1953
2754	2594
2754	36
2754	1286
2754	2343
2754	553
2754	301
2754	1720
2754	2593
2754	1099
2754	1500
2754	1125
2754	1385
2754	1774
2754	2160
2754	2161
2754	508
2379	2178
2379	1316
2379	2789
2379	1969
2379	2382
2379	2799
2379	2384
2379	1649
2379	1396
2379	2702
2379	984
2379	228
2379	591
2379	990
2379	2623
1634	1632
1634	2159
1676	256
1676	585
1681	1995
1689	1062
1703	1186
1716	1539
1716	2267
1716	1644
1716	278
1716	2159
1726	579
1727	961
1727	713
1734	1176
1734	1260
1734	701
1736	544
1740	2176
1740	257
1740	2564
1740	1669
1740	1928
1740	11
1740	13
1740	2605
1740	786
1740	661
1740	2332
1740	536
1740	516
1740	538
1740	2588
1740	927
1740	1953
1740	1955
1740	806
1740	2554
1740	1577
1740	1325
1740	558
1740	310
1740	1737
1740	2233
1740	671
1740	2237
1740	1792
1740	64
1740	1473
1740	1547
1740	68
1740	1221
1740	2844
1740	2760
1740	2761
1740	204
1740	2127
1740	1618
1740	1107
1740	2261
1740	1112
1740	1882
1740	1756
1740	1757
1740	227
1740	357
1740	2152
1740	746
1740	1003
1740	1005
1740	1134
1740	1133
1740	553
1740	2033
1740	2546
1740	2677
1740	2806
1740	1833
1740	1193
1740	1436
1740	2043
1740	765
1740	2431
2152	1761
1748	2370
1748	1463
1754	1509
1759	1964
2666	1125
2666	1833
2666	2634
2666	1869
2666	2000
2666	2483
2666	660
2666	661
2666	1322
1881	2176
1881	2057
1881	140
1881	2701
1881	910
1881	1169
1881	533
1881	671
1881	2343
1881	1833
1881	813
1881	1974
1881	1350
1881	1224
1881	972
1881	1867
1881	204
1881	975
1881	2133
1881	1632
1881	1509
1881	2793
1881	1144
1881	765
1881	1663
1783	1509
1785	2128
1785	1521
1785	2563
1785	1805
1785	1151
1797	2809
1797	2113
1797	1509
1797	638
1797	1721
1802	1774
1806	606
1818	1803
1826	2162
1826	2500
2162	1663
1829	2481
1829	252
2616	553
2616	2381
2616	2286
2616	2799
2616	1682
2616	1683
2616	2217
2616	984
2616	2617
2616	2780
2616	2175
2362	611
2386	1508
2386	1509
2386	1802
2386	2161
2386	2770
2386	1816
2386	2780
2386	2175
1842	5
1842	1350
1842	2031
1845	1663
2745	1436
1860	169
1860	1125
1862	895
1866	698
1866	1571
1866	1509
1868	649
1875	212
1875	1543
1891	1383
2208	2142
2396	2305
2396	1539
2396	2313
2396	1803
2396	279
2396	1322
2396	2093
2396	1842
2396	187
2396	958
2396	1599
2396	1867
2396	1995
2396	1998
2396	1618
2396	2510
2396	600
2396	859
2396	480
2396	2153
2396	2799
2396	1385
2396	381
2396	1663
2021	1241
2021	322
2021	430
2021	1974
2021	1151
1898	1509
1898	958
1899	1509
1899	958
1902	53
1902	1733
1902	1173
1902	958
1902	269
1920	420
1920	1993
1920	1934
1920	943
1920	1490
1920	142
1920	921
1920	2270
1923	1097
1923	1100
1932	1721
1936	2098
1936	1158
1942	1697
1942	2210
1942	1953
1942	197
1942	1159
1942	2826
1942	1867
1942	2380
1942	1901
1942	2382
1942	2799
1942	1430
1942	1431
1942	1848
1942	1850
1942	764
2380	160
2380	803
2380	1232
2380	1618
2380	739
2380	790
2380	2043
2380	2623
1947	1178
1949	1874
1949	2535
1949	1509
1949	879
1958	1831
1960	1632
1960	1057
1960	1413
1960	2226
1960	2583
1960	2780
1969	1945
1969	1260
1969	1125
1969	2113
1975	1827
1975	807
1975	553
1975	1260
1975	1136
1975	531
1975	1301
1975	1721
1984	1173
1985	428
1987	1412
1987	2151
1987	1902
1987	273
1987	1203
1987	1204
1987	1205
1987	1171
1987	2267
2199	36
2199	1509
2199	2535
2199	175
2199	852
2199	765
2199	1215
2331	1290
2331	2814
1999	1183
2007	984
2007	769
2007	1586
2007	1385
2008	1056
2008	89
2008	91
2017	1186
2017	123
2017	1509
2017	2535
2024	81
2024	251
2025	2408
2640	1938
2029	511
2037	1524
2038	1176
2038	1347
2038	135
2046	2320
2046	2321
2320	1414
2049	1465
2049	2842
2049	1805
2051	1173
2071	1509
2071	1663
2080	173
2084	1079
2085	1509
2103	1805
2104	1704
2104	1065
2104	2604
2104	169
2104	1599
2104	2333
2104	607
2109	290
2112	2159
2112	2807
2750	1600
2750	2113
2123	924
2125	1085
2158	2800
2158	1585
2158	2561
2158	2198
2158	1559
2129	1387
2134	2018
2134	579
2134	1387
2134	2348
2134	1230
2134	1776
2134	626
2134	2766
2134	379
2134	443
2134	254
2134	917
2137	2538
2147	816
2147	1345
2819	1953
2819	520
2819	364
2819	1996
2819	1197
2819	1006
2819	881
2819	242
2819	1718
2819	671
2165	3
2167	2528
2167	962
2167	2651
2167	964
2167	1606
2167	966
2167	1799
2167	430
2167	2525
2167	184
2167	1796
2167	2650
2167	315
2167	186
2167	965
2181	1377
2181	2310
2181	648
2181	1002
2181	1516
2181	1645
2181	1560
2181	2680
2181	890
2181	2266
2181	2270
2182	2579
2182	356
2185	878
2185	975
2185	1745
2185	819
2185	2007
2185	536
2188	1027
2188	372
2188	1509
2188	879
2191	618
2191	75
2191	2098
2191	1661
2255	1211
2272	1916
2272	1917
2277	1377
2277	2524
2282	1377
2282	2524
2560	429
2751	204
2751	1805
2751	671
2296	1234
2305	1123
2305	2475
2305	1998
2305	2387
2305	251
2305	1311
2314	728
2314	1207
2318	1600
2318	2016
2318	194
2318	1831
2318	2760
2318	1290
2318	876
2318	1459
2318	1646
2318	2097
2318	2067
2318	2705
2318	1305
2318	1306
2318	2203
2318	1151
2319	440
2319	194
2322	1503
2323	1680
2323	1663
2324	771
2324	1708
2324	2284
2324	1709
2324	2836
2324	1943
2324	601
2324	1307
2325	2728
2325	361
2325	262
2334	883
2339	1539
2339	1803
2339	142
2341	2198
2342	118
2342	1509
2342	2198
2346	1186
2363	500
2363	541
2363	2590
2363	477
2371	2535
2371	1509
2371	879
2383	796
2398	1895
2398	976
2398	978
2398	275
2398	2423
2398	251
2398	957
2398	1375
2499	2176
2499	724
2566	1859
2566	428
2566	1419
2401	961
2401	2308
2401	391
2401	392
2401	393
2401	711
2401	1293
2401	2350
2401	402
2401	19
2401	2516
2401	2517
2401	1897
2401	2105
2517	712
2517	2159
2403	2270
2403	1111
2404	280
2404	2270
2405	266
2405	1996
2405	2437
2405	1509
2411	2210
2411	2389
2411	2434
2413	1509
2414	3
2414	1663
2416	1076
2421	956
2421	1509
2422	2465
2422	1607
2422	2471
2422	748
2422	695
2422	2800
2422	1618
2422	1460
2422	1974
2422	2455
2429	290
2429	1043
2435	2401
2435	1058
2435	1508
2435	1509
2435	1895
2435	265
2435	1772
2435	2382
2435	112
2435	1592
2435	84
2435	1464
2435	89
2440	2633
2441	898
2445	1186
2445	1995
2445	212
2445	1509
2445	879
2446	1632
2446	2190
2449	187
2449	212
2460	1186
2460	1060
2460	1509
2460	1607
2460	2159
2460	2267
2463	1997
2466	928
2466	1290
2469	513
2469	1379
2469	197
2469	807
2469	553
2469	1271
2469	1967
2469	2520
2469	1238
2469	1385
2469	472
2469	1144
2469	1306
2469	284
2469	797
2469	2588
2469	415
2470	1909
2470	2535
2473	1620
2474	1608
2474	2113
2474	762
2474	2646
2474	2159
2476	2047
2477	1064
2477	1609
2477	970
2477	251
2479	227
2479	712
2479	1546
2479	2513
2479	498
2479	2455
2497	1064
2502	416
2502	6
2502	2091
2502	2668
2502	2168
2502	1176
2502	1405
2504	416
2504	1202
2504	997
2504	2447
2505	2159
2515	1995
2515	2788
2515	1062
2515	936
2515	1867
2515	2802
2515	1427
2515	1373
2515	2270
2515	671
2518	2240
2518	1814
2541	636
2541	2260
2544	261
2544	45
2544	879
2544	118
2544	2647
2544	1116
2545	769
2545	770
2551	1224
2551	1385
2551	1995
2551	2240
2551	2430
2552	290
2567	1645
2580	2161
2580	2270
2582	961
2582	52
2607	2176
2764	1151
2764	1756
2764	1287
2613	1972
2614	1240
2614	1849
2614	1509
2614	677
2628	1287
2628	2625
2628	996
2628	1831
2628	2535
2628	1756
2628	2603
2628	1996
2628	2286
2628	1233
2628	1972
2628	2039
2628	1048
2628	667
2628	508
2638	592
2638	1721
2639	2475
2639	1974
2726	505
2726	1322
2726	507
2726	1509
2685	2373
2685	839
2685	840
2685	970
2685	972
2685	1105
2685	1491
2685	411
2685	2588
2659	6
2664	850
2664	637
2664	2261
2670	2529
2670	1022
2670	445
2670	278
2670	477
2678	1450
2681	2159
2681	515
2681	140
2681	1509
2681	511
2686	2608
2689	347
2693	1281
2693	866
2693	442
2693	2733
2697	976
2698	1107
2698	485
2698	957
2698	142
2698	1903
2698	2099
2698	2328
2698	443
2698	2013
2714	1186
2714	1995
2714	1772
2717	169
2717	1125
2717	1774
2723	864
2730	1850
2730	1995
2735	2605
2736	1938
2738	152
2746	1539
2746	2159
2749	2528
2749	962
2749	2651
2749	964
2749	1606
2749	966
2749	1799
2749	430
2749	2525
2749	184
2749	1796
2749	2650
2749	315
2749	186
2749	965
2753	1803
2753	2627
2755	2756
2755	1773
2755	1774
2767	1186
2767	1509
2767	1867
2767	879
2767	2161
2767	1684
2767	1974
2767	1972
2767	2108
2767	511
2769	1139
2776	2434
2784	1553
2784	151
2784	1054
2784	2591
2784	162
2784	1572
2784	427
2784	1072
2784	568
2784	58
2784	1851
2784	60
2784	61
2784	1088
2784	1867
2784	1221
2784	715
2784	984
2784	2778
2784	2022
2784	2407
2784	2539
2784	500
2784	2295
2784	1912
2784	1278
2784	2687
2785	2680
2785	633
2785	1509
2821	346
2821	660
2827	256
2829	2220
2829	318
2829	1335
2830	2490
2830	812
2834	2832
2834	1663
2853	187
2853	1509
2858	195
2858	1509
